	100.6	195	187.44	90	300	300	
	106.2	195	164.68	69	300	300	
	111.2	195	158.46	69	300	300	
	110.7	195	145.36	45	300	300	
	108.9	195	135.94	45	300	300	
	109.5	195	130.04	45	300	300	
	120.6	195	123.74	45	300	300	
	116.4	195	117.76	45	300	300	
	110	195	110.06	16	300	300	
	108.4	195	107.62	16	300	300	
	113.6	195	109.12	16	300	300	
	112.9	195	103.14	16	300	300	
	122.2	210	109.24	16	300	300	
	128.6	275	115.74	0	300	300	
	118.4	275	94.78	0	300	300	
	116.4	275	84.12	0	300	300	
	117.9	275	82.26	0	300	300	
	122.4	275	81.82	0	300	300	
	149	275	96.14	0	300	300	
	138.9	275	85.14	0	300	300	
	129.7	275	72.9	0	300	300	
	127.4	275	69.4	0	300	300	
	130.6	275	71.66	0	300	300	
	132.9	275	71.84	0	300	300	
	163.8	275	89.6	0	300	300	
	164	275	84.18	0	300	300	
	166.8	275	83.5	0	300	300	
	180.3	275	96.02	0	300	300	
	178.4	275	88.04	0	300	300	
	175.7	275	79.64	0	300	300	
	184	275	75.86	0	300	300	
	182.5	275	71.66	0	300	300	
	185.2	275	71.74	0	300	300	
	190.7	275	71.1	0	300	300	
	187.9	275	64.94	0	300	300	
	197.3	275	69.52	0	300	300	
	193.1	280	58.36	0	300	300	
	194.1	280	57.98	0	300	300	
	193.2	280	56.56	0	300	300	
	191.6	280	54.98	0	300	300	
	189	280	49.56	0	300	300	
	186.7	280	47.16	0	300	300	
	192.1	295	38.08	0	300	300	
	196.2	295	40.16	0	300	300	
	200.7	295	43.3	0	300	300	
	202.5	295	42.66	0	300	300	
	196	295	38.92	0	300	300	
	199	310	40.14	0	300	300	
	218.9	320	55.08	0	300	300	
	222.1	320	56.9	0	300	300	
	216	320	51.32	0	300	300	
	216.6	320	51.96	0	300	300	
	212.7	320	47	0	300	300	
	208.9	320	45.02	0	300	300	
	252.4	335	74.2	0	300	300	
	251.9	335	71.12	0	300	300	
	254	335	73.5	0	300	300	
	254.1	335	73.04	0	300	300	
	251.8	335	68.14	0	300	300	
	252.1	335	68.36	0	300	300	
	260	335	76.38	0	300	300	
	266.5	335	82.16	0	300	300	
	267.4	335	81.2	0	300	300	
	276.3	335	89.86	0	300	300	
	279.5	335	94.26	0	300	300	
	281.4	335	95.02	0	300	300	
	282	340	89.28	0	300	300	
	282.1	340	87.74	0	300	300	
	277.4	340	78.64	0	300	300	
	277.7	340	77.76	0	300	300	
	275.2	340	77.6	0	300	300	
	274.5	340	76.58	0	300	300	
	283.2	340	84.28	0	300	300	
	280.7	340	80.46	0	300	300	
	278.1	340	76.7	0	300	300	
	282	340	76.4	0	300	300	
	287.7	340	80.66	0	300	300	
	290.4	340	84.74	0	300	300	
	289.5	345	74.44	0	300	300	
	283.9	345	60.82	0	300	300	
	284.7	345	61.72	0	300	300	
	285.9	345	62.94	0	300	300	
	289.7	345	68.42	0	300	300	
	292.4	345	70.92	0	300	300	
	292.7	345	69.92	0	300	300	
	295.2	345	71.84	0	300	300	
	296.6	345	71.62	0	300	300	
	295.3	345	67.68	0	300	300	
	292.3	345	62.8	0	300	300	
	290.9	345	62.58	0	300	300	
	280.4	345	49.6	0	300	300	
	280.1	345	48.12	0	300	300	
	281	345	48.12	0	300	300	
	278.5	345	46.58	0	300	300	
	284.3	345	52.06	0	300	300	
	283.3	345	51.74	0	300	300	
	282	345	46.64	0	300	300	
	281.3	345	43.76	0	300	300	
	280.1	345	42.16	0	300	300	
	275.1	345	35.52	0	300	300	
	270.5	345	29.5	0	300	300	

	106.3	205	182.94	77	300	300	
	111.2	205	162.66	48	300	300	
	108.6	205	152.32	48	300	300	
	107.1	205	149.12	48	300	300	
	106.5	205	135.92	48	300	300	
	109.9	205	134.8	48	300	300	
	125.3	205	136.08	48	300	300	
	121.3	205	129.56	45	300	300	
	119.6	205	126.4	45	300	300	
	120.6	205	123.7	45	300	300	
	118.4	205	120.12	45	300	300	
	117.6	205	116.18	45	300	300	
	126.4	215	116.36	45	300	300	
	125.4	215	114.5	32	300	300	
	126.6	215	114.86	32	300	300	
	128.8	215	115.76	32	300	300	
	131	215	114.92	32	300	300	
	130.1	215	113.28	32	300	300	
	143.4	230	117.86	32	300	300	
	140.8	240	113.3	32	300	300	
	140.8	240	108.96	32	300	300	
	135.1	240	100.34	32	300	300	
	136.5	240	97.96	32	300	300	
	141.1	240	99.08	32	300	300	
	153	240	100.08	32	300	300	
	154.5	240	100.18	32	300	300	
	151.9	240	95.16	32	300	300	
	151.7	240	95.6	32	300	300	
	139.6	240	83.2	32	300	300	
	133.9	240	75.64	32	300	300	
	121.7	245	60.46	32	300	300	
	120.9	265	59.08	32	300	300	
	126.7	265	62.24	32	300	300	
	129.9	265	64.14	32	300	300	
	131.9	265	65.5	0	300	300	
	129.4	265	64.22	0	300	300	
	156.5	265	81.42	0	300	300	
	149.7	265	76.7	0	300	300	
	144.1	270	73.36	0	300	300	
	140.9	270	71.72	0	300	300	
	130	270	66.84	0	300	300	
	118	270	59.84	0	300	300	
	122.1	275	62.02	0	300	300	
	118.2	275	59.9	0	300	300	
	113.7	275	57.42	0	300	300	
	121.3	275	62.28	0	300	300	
	129.3	275	66.16	0	300	300	
	143.1	275	75.4	0	300	300	
	143.4	275	72.52	0	300	300	
	162.4	275	87.32	0	300	300	
	154.5	275	82.32	0	300	300	
	151.3	275	78.66	0	300	300	
	142.7	275	72.3	0	300	300	
	135.1	275	67.84	0	300	300	
	130.8	275	65.24	0	300	300	
	124.4	275	59.5	0	300	300	
	125.5	275	60.4	0	300	300	
	124.8	275	59.5	0	300	300	
	130.9	275	65.22	0	300	300	
	137	275	67.3	0	300	300	
	136.4	275	63.12	0	300	300	
	153.4	275	77.6	0	300	300	
	155.4	275	77.68	0	300	300	
	154.9	275	76.26	0	300	300	
	153.8	275	74.72	0	300	300	
	154.7	275	75.42	0	300	300	
	154.8	275	73.04	0	300	300	
	144.9	275	68.42	0	300	300	
	146.2	275	69.26	0	300	300	
	147.1	275	70.32	0	300	300	
	147.1	275	70.32	0	300	300	
	150.2	275	72.02	0	300	300	
	149.7	275	69.7	0	300	300	
	148.5	275	68.74	0	300	300	
	141.5	275	63.08	0	300	300	
	133	275	57.94	0	300	300	
	129.4	275	54.44	0	300	300	
	127.3	275	53.16	0	300	300	
	128.2	275	53.48	0	300	300	
	128.2	275	53.48	0	300	300	
	127.3	275	53.16	0	300	300	
	131.2	275	58.02	0	300	300	
	128.3	275	57.06	0	300	300	
	125.1	275	56.26	0	300	300	
	138.9	275	65.54	0	300	300	
	138.6	275	64.9	0	300	300	
	142.5	275	65.9	0	300	300	
	144.5	275	66.48	0	300	300	
	147.3	275	67.8	0	300	300	
	148.5	275	66.84	0	300	300	
	155.2	275	70.24	0	300	300	
	162.9	275	75.64	0	300	300	
	160.8	275	73.96	0	300	300	
	160.2	275	72.68	0	300	300	
	165.8	275	76.34	0	300	300	
	169.9	275	78.14	0	300	300	
	176.9	275	79.64	0	300	300	
	173.1	275	75.98	0	300	300	
	171.5	275	74.44	0	300	300	
	178.4	275	78.96	0	300	300	
	180.2	275	79.6	0	300	300	

	97.4	195	178.56	61	300	300	
	101.7	195	154.96	61	300	300	
	95.7	195	136.44	61	300	300	
	106.4	195	137.64	61	300	300	
	105.2	195	133.22	45	300	300	
	110.1	195	134.92	45	300	300	
	118.5	225	125.8	45	300	300	
	112.6	225	117.42	16	300	300	
	117.5	225	118.64	16	300	300	
	121	225	119.48	16	300	300	
	115.3	225	113.22	16	300	300	
	116	225	112.52	16	300	300	
	122.9	225	109.36	16	300	300	
	125.4	225	108.98	16	300	300	
	135.8	225	114.36	16	300	300	
	137.8	225	113.96	16	300	300	
	140.8	225	115.44	16	300	300	
	137.9	225	108.4	16	300	300	
	145.8	225	104.08	16	300	300	
	144.4	225	102.7	16	300	300	
	146.8	225	102.06	16	300	300	
	153	225	105.14	16	300	300	
	156.5	225	107.12	16	300	300	
	159.3	225	107.28	16	300	300	
	160.3	230	104.1	16	300	300	
	152.6	230	97.28	16	300	300	
	146.9	230	91.84	16	300	300	
	144.6	230	87.6	16	300	300	
	144.5	230	85.68	16	300	300	
	145.8	230	85.18	0	300	300	
	153.9	230	89.3	0	300	300	
	153.9	230	88.5	0	300	300	
	157.3	230	89.08	0	300	300	
	154.6	230	87.02	0	300	300	
	157.2	230	87.92	0	300	300	
	160.3	230	88.5	0	300	300	
	165.3	240	90.26	0	300	300	
	166.3	240	91.36	0	300	300	
	159.2	240	85.58	0	300	300	
	152.7	240	79.66	0	300	300	
	149.4	240	75.66	0	300	300	
	140.9	240	70.1	0	300	300	
	150.2	240	72.76	0	300	300	
	154.3	240	75.14	0	300	300	
	147.5	240	69.68	0	300	300	
	153.9	240	72.44	0	300	300	
	150.2	240	70.64	0	300	300	
	153.1	240	71.54	0	300	300	
	157.4	245	72.72	0	300	300	
	157.4	245	72.72	0	300	300	
	153.5	245	69.44	0	300	300	
	158.7	245	71.66	0	300	300	
	166.7	245	75.12	0	300	300	
	164.3	245	73.32	0	300	300	
	167.6	245	73.3	0	300	300	
	165.6	245	71.3	0	300	300	
	167	245	70.98	0	300	300	
	169.2	245	72.1	0	300	300	
	169.6	250	70.54	0	300	300	
	166.9	250	68.52	0	300	300	
	172.4	250	68.3	0	300	300	
	172.3	250	67.98	0	300	300	
	175.2	250	71.16	0	300	300	
	175.2	250	71.16	0	300	300	
	175.3	250	71.42	0	300	300	
	175.7	250	71.74	0	300	300	
	176.6	250	73.08	0	300	300	
	169.1	250	65.24	0	300	300	
	172.7	250	68.06	0	300	300	
	169.9	250	63.46	0	300	300	
	166.2	250	58.96	0	300	300	
	158.5	250	52	0	300	300	
	165.1	250	55.1	0	300	300	
	165.1	250	55.1	0	300	300	
	153.6	250	46.78	0	300	300	
	156.1	250	47.68	0	300	300	
	152.8	250	44.46	0	300	300	
	152.8	250	44.46	0	300	300	
	157.2	250	44.72	0	300	300	
	157.3	250	44.72	0	300	300	
	155.9	250	43.72	0	300	300	
	150.8	250	40.16	0	300	300	
	157.1	250	43.88	0	300	300	
	160.8	250	45.68	0	300	300	
	166.5	250	48.4	0	300	300	
	162.4	250	46.54	0	300	300	
	172.1	250	51.06	0	300	300	
	169.6	250	48.72	0	300	300	
	171.7	250	50.74	0	300	300	
	175	250	51.7	0	300	300	
	180.1	265	50.74	0	300	300	
	181.6	265	53.22	0	300	300	
	182.7	265	55.76	0	300	300	
	181.2	265	54.42	0	300	300	
	178.3	265	52.5	0	300	300	
	192.7	265	63.66	0	300	300	
	198	265	66	0	300	300	
	204.9	265	69.04	0	300	300	
	212.2	265	74.6	0	300	300	
	212.4	265	68.36	0	300	300	
	214.6	265	65.94	0	300	300	

	93.2	195	174.84	45	300	300	
	96.9	195	149.3	45	300	300	
	104.5	195	147	45	300	300	
	104.8	195	137.7	45	300	300	
	107.1	195	135.68	45	300	300	
	110.4	195	136.74	45	300	300	
	121.3	260	129.58	45	300	300	
	120.6	260	125.26	45	300	300	
	119.2	260	121.46	45	300	300	
	120	260	119.5	45	300	300	
	123	260	119.74	32	300	300	
	125.8	260	119.64	32	300	300	
	136.9	260	115.72	32	300	300	
	144.1	260	120.92	32	300	300	
	144.8	260	120.88	32	300	300	
	154	260	125.58	32	300	300	
	160.3	260	129.56	32	300	300	
	158	260	122.8	32	300	300	
	168	260	122.26	32	300	300	
	174	260	122.12	32	300	300	
	186.3	260	126.84	32	300	300	
	188.3	270	121.44	32	300	300	
	194.8	270	121.86	32	300	300	
	180.5	270	104.52	32	300	300	
	191.7	295	103.44	32	300	300	
	196.9	295	105.12	32	300	300	
	198	295	104.08	32	300	300	
	198.9	295	103.52	32	300	300	
	212.6	295	108.62	32	300	300	
	213.2	295	107.88	32	300	300	
	221.7	305	107.46	32	300	300	
	224.2	305	105.16	32	300	300	
	221.2	305	99.64	32	300	300	
	226.4	305	100.36	32	300	300	
	232.4	305	102.72	32	300	300	
	237.4	305	105.76	32	300	300	
	239.6	315	105	32	300	300	
	241	315	104.78	32	300	300	
	245	315	107.5	32	300	300	
	247.3	315	105.12	32	300	300	
	243.9	315	103.28	0	300	300	
	243.8	315	103.1	0	300	300	
	238.6	320	96.1	0	300	300	
	244.6	320	98.56	0	300	300	
	242.7	320	96.5	0	300	300	
	241.5	320	94.48	0	300	300	
	239.9	320	93	0	300	300	
	238.2	320	90.88	0	300	300	
	247.8	325	95.04	0	300	300	
	250.4	325	96.48	0	300	300	
	249.8	325	92.98	0	300	300	
	253.8	325	93.46	0	300	300	
	254.4	325	93.46	0	300	300	
	254.4	325	92.98	0	300	300	
	259.3	325	95.06	0	300	300	
	258.1	325	93.78	0	300	300	
	258.1	325	93.72	0	300	300	
	260	325	95.32	0	300	300	
	258.5	325	93.48	0	300	300	
	259	325	93.06	0	300	300	
	263.8	335	93.76	0	300	300	
	263.4	335	92.92	0	300	300	
	261.8	335	89.9	0	300	300	
	262.6	335	89.9	0	300	300	
	264.1	335	90.06	0	300	300	
	264.1	335	90.06	0	300	300	
	266.8	335	90.02	0	300	300	
	267.6	335	90.4	0	300	300	
	268.1	335	90.04	0	300	300	
	268.1	335	89.36	0	300	300	
	269.9	350	90.48	0	300	300	
	270.1	350	90.02	0	300	300	
	272.7	350	90.3	0	300	300	
	276.7	350	93.62	0	300	300	
	278.6	350	95.64	0	300	300	
	281.7	350	97.12	0	300	300	
	281.7	350	97.12	0	300	300	
	280	350	94.94	0	300	300	
	280.8	350	91.5	0	300	300	
	280.4	350	90.5	0	300	300	
	276.9	350	88.84	0	300	300	
	279.2	350	90.6	0	300	300	
	279.4	350	90.5	0	300	300	
	278.6	350	90.22	0	300	300	
	282.3	350	89.96	0	300	300	
	282.3	350	89.96	0	300	300	
	282.1	350	89.48	0	300	300	
	282.1	350	89.48	0	300	300	
	283	350	90.18	0	300	300	
	285.9	350	93.12	0	300	300	
	290.6	355	96.56	0	300	300	
	291	355	95.98	0	300	300	
	291.1	355	95.98	0	300	300	
	290	355	94.92	0	300	300	
	291.4	355	95.14	0	300	300	
	291.4	355	95.14	0	300	300	
	292.7	355	95.62	0	300	300	
	292.7	355	95.62	0	300	300	
	293.8	355	96.52	0	300	300	
	296.5	355	99.18	0	300	300	
	294.3	355	98.96	0	300	300	

	104	195	197.04	114	300	300	
	108.4	195	165.02	85	300	300	
	110	195	156.72	61	300	300	
	111.8	195	151.64	61	300	300	
	119	195	153.5	32	300	300	
	118.7	195	147.56	32	300	300	
	135.1	205	160.86	32	300	300	
	135.5	205	155.74	32	300	300	
	134.5	215	147.74	32	300	300	
	141.7	240	153.04	32	300	300	
	140.2	240	150.14	32	300	300	
	141.9	270	146	32	300	300	
	149.7	270	143.82	32	300	300	
	155.8	270	148.66	32	300	300	
	152.5	270	142.46	32	300	300	
	153.6	270	140.26	32	300	300	
	153	270	137.3	16	300	300	
	153.5	270	135.46	16	300	300	
	166.6	270	145.44	16	300	300	
	158.5	270	136.18	16	300	300	
	157.6	270	135.92	16	300	300	
	153.1	270	126.76	16	300	300	
	155.6	270	127.54	16	300	300	
	155.6	270	127.54	16	300	300	
	164.5	285	128.88	16	300	300	
	150.4	285	113.64	16	300	300	
	157.4	285	118.84	16	300	300	
	149.7	285	110.1	0	300	300	
	145.5	285	103.36	0	300	300	
	137.4	285	95.24	0	300	300	
	148	285	99.88	0	300	300	
	152.1	285	102.82	0	300	300	
	147.9	285	98.74	0	300	300	
	148.1	285	98.74	0	300	300	
	147.3	285	97.8	0	300	300	
	143.1	285	93.88	0	300	300	
	149.4	285	98.44	0	300	300	
	137.2	285	87.42	0	300	300	
	141.2	285	91.34	0	300	300	
	139.1	285	87.1	0	300	300	
	141.5	285	88.8	0	300	300	
	141.2	285	88.16	0	300	300	
	144.7	285	88.36	0	300	300	
	144.5	285	87.2	0	300	300	
	151	285	91.44	0	300	300	
	141.3	285	82.02	0	300	300	
	137.4	285	77.52	0	300	300	
	137.7	285	77.84	0	300	300	
	154.3	285	91.84	0	300	300	
	154.7	285	90.28	0	300	300	
	157.5	285	92.24	0	300	300	
	158.5	285	93.52	0	300	300	
	160.1	285	94.48	0	300	300	
	162.9	285	96.28	0	300	300	
	167.7	290	98.36	0	300	300	
	166.4	290	94.96	0	300	300	
	166.4	290	94.96	0	300	300	
	164.4	290	93.64	0	300	300	
	160.3	290	90.04	0	300	300	
	157.8	290	87.76	0	300	300	
	163.4	290	90.14	0	300	300	
	174.5	290	100.74	0	300	300	
	171.8	290	96.5	0	300	300	
	157.5	290	83.3	0	300	300	
	159.9	290	84.2	0	300	300	
	164.8	290	86.84	0	300	300	
	164.5	290	85.62	0	300	300	
	163.8	290	83.56	0	300	300	
	157.5	290	77.98	0	300	300	
	156.5	290	77.02	0	300	300	
	154.1	290	75.58	0	300	300	
	158	290	77.7	0	300	300	
	158.2	290	77.82	0	300	300	
	159.9	290	78.24	0	300	300	
	157	290	75.48	0	300	300	
	150.5	290	69.96	0	300	300	
	155.6	290	78.3	0	300	300	
	155.3	290	74.96	0	300	300	
	153.7	290	73.04	0	300	300	
	149.7	290	68.8	0	300	300	
	149	290	67.84	0	300	300	
	151.9	290	69.24	0	300	300	
	157.3	290	76.78	0	300	300	
	161.7	290	80.12	0	300	300	
	165.3	290	81.4	0	300	300	
	167.2	290	82.68	0	300	300	
	171.2	290	84.96	0	300	300	
	174.1	290	85.96	0	300	300	
	178.7	290	92.74	0	300	300	
	180.1	290	92.1	0	300	300	
	183.3	290	91.62	0	300	300	
	183.8	290	92	0	300	300	
	180.8	290	90.4	0	300	300	
	177.2	290	86.58	0	300	300	
	180.2	290	88.38	0	300	300	
	177	290	83.62	0	300	300	
	173.6	290	77.48	0	300	300	
	174.4	290	77.12	0	300	300	
	172.3	290	74.84	0	300	300	
	176.7	290	77.5	0	300	300	
	172.8	290	74.1	0	300	300	

	96.3	195	184.46	61	300	300	
	101.9	195	160.9	61	300	300	
	106.3	195	154.9	61	300	300	
	105.6	195	145	45	300	300	
	103.9	195	140.3	45	300	300	
	104.7	195	136.12	45	300	300	
	122.4	195	134.92	45	300	300	
	120.3	195	130.56	45	300	300	
	123.1	195	132.28	45	300	300	
	118.7	195	123.46	45	300	300	
	123.9	195	125.6	45	300	300	
	124.8	195	122.12	32	300	300	
	134	195	118.72	32	300	300	
	137.8	210	121.64	32	300	300	
	136.8	210	114.86	16	300	300	
	136.4	210	113.12	16	300	300	
	137.4	210	112.92	16	300	300	
	135.3	210	108.56	16	300	300	
	149.6	225	104.08	16	300	300	
	151.4	225	105.8	16	300	300	
	157.5	225	112.5	16	300	300	
	157.8	225	112.02	16	300	300	
	154	225	107.3	16	300	300	
	152.8	225	102.4	16	300	300	
	158.7	235	90.34	16	300	300	
	158.4	250	89.06	16	300	300	
	163.8	250	96	16	300	300	
	169.2	260	99.54	16	300	300	
	171.8	260	101.72	16	300	300	
	176.8	270	106.18	8	300	300	
	186.9	270	110.28	8	300	300	
	187.5	270	114.42	8	300	300	
	192.2	270	118.3	0	300	300	
	192.5	270	117.54	0	300	300	
	197.5	270	127.14	0	300	300	
	193.7	270	114.94	0	300	300	
	188	270	95.94	0	300	300	
	181.7	270	91.64	0	300	300	
	176.4	270	84.86	0	300	300	
	171.3	270	76.18	0	300	300	
	167.8	270	73.16	0	300	300	
	176.1	270	76.84	0	300	300	
	185.5	270	68.2	0	300	300	
	187.6	270	69.64	0	300	300	
	189.7	270	69.22	0	300	300	
	188	270	65.42	0	300	300	
	197.2	270	69.84	0	300	300	
	194.2	270	67.46	0	300	300	
	195	270	63.76	0	300	300	
	190.3	270	62.8	0	300	300	
	183.1	270	59.66	0	300	300	
	179.6	270	56.2	0	300	300	
	178.8	270	57.3	0	300	300	
	175.6	270	53.84	0	300	300	
	178	270	56.66	0	300	300	
	170.9	270	50.46	0	300	300	
	177.5	270	52.54	0	300	300	
	176.7	270	52.76	0	300	300	
	177.1	270	52.66	0	300	300	
	165.2	270	45.96	0	300	300	
	165.1	270	44.16	0	300	300	
	152.4	270	36.88	0	300	300	
	139.3	270	30.76	0	300	300	
	139.4	270	29.58	0	300	300	
	151.3	270	36.74	0	300	300	
	156.6	275	35.32	0	300	300	
	169.9	275	41.26	0	300	300	
	177.1	275	43.44	0	300	300	
	180.1	280	45.4	0	300	300	
	175.9	280	44.28	0	300	300	
	167.9	280	38.96	0	300	300	
	164.4	280	36.78	0	300	300	
	162.8	280	34.7	0	300	300	
	157.1	280	31.88	0	300	300	
	152.1	280	28.38	0	300	300	
	134	280	20.08	0	300	300	
	137	280	20.88	0	300	300	
	137	280	20.88	0	300	300	
	143.4	280	22.68	0	300	300	
	151.2	285	25.66	0	300	300	
	159.4	290	29.06	0	300	300	
	155.7	290	26.94	0	300	300	
	160.9	290	27.58	0	300	300	
	138.7	290	19.76	0	300	300	
	138.7	290	19.28	0	300	300	
	130.3	290	17.54	0	300	300	
	122.4	290	15.62	0	300	300	
	123	290	15.52	0	300	300	
	123.3	290	15.52	0	300	300	
	123.8	290	15.52	0	300	300	
	137.9	290	20.08	0	300	300	
	128.7	290	17.12	0	300	300	
	108.9	290	11.64	0	300	300	
	104.7	290	9.72	0	300	300	
	104.7	290	9.72	0	300	300	
	104.7	290	9.72	0	300	300	
	112.2	290	12.48	0	300	300	
	112.2	290	12.48	0	300	300	
	116.5	290	14.34	0	300	300	
	127.9	295	18.7	0	300	300	
	130.8	295	20.5	0	300	300	

	99.9	195	190.28	61	300	300	
	102.5	195	162.58	61	300	300	
	101.6	195	144.04	61	300	300	
	102.2	205	132.3	45	300	300	
	103.1	205	126.04	32	300	300	
	107.3	205	124.04	32	300	300	
	122.5	230	121.98	32	300	300	
	120.7	230	113.52	32	300	300	
	124.7	230	112.9	32	300	300	
	126.4	230	111.42	32	300	300	
	135.2	230	116.26	0	300	300	
	132.9	230	111.62	0	300	300	
	144.2	240	110.16	0	300	300	
	138.6	240	102.44	0	300	300	
	145.8	240	104.92	0	300	300	
	143.6	240	97.38	0	300	300	
	140.2	240	93.24	0	300	300	
	142.8	240	91.22	0	300	300	
	160.6	245	93.68	0	300	300	
	156.8	245	90.14	0	300	300	
	153.1	245	84.22	0	300	300	
	146.8	245	78.9	0	300	300	
	145.3	245	75.88	0	300	300	
	164.5	245	87.34	0	300	300	
	175.5	260	85.72	0	300	300	
	174.4	265	83.66	0	300	300	
	183.1	275	85.86	0	300	300	
	184.6	275	86.72	0	300	300	
	183.8	280	78.74	0	300	300	
	183	280	76.1	0	300	300	
	181.8	280	64.4	0	300	300	
	187.4	280	63.3	0	300	300	
	173.8	300	44.68	0	300	300	
	181.2	315	46.22	0	300	300	
	189.8	315	50.14	0	300	300	
	197.3	335	50.32	0	300	300	
	218.8	335	61.06	0	300	300	
	219.6	335	62.34	0	300	300	
	221.9	335	63.72	0	300	300	
	226.6	335	64.14	0	300	300	
	230.6	335	66.64	0	300	300	
	233.7	335	68.18	0	300	300	
	233.7	335	65.98	0	300	300	
	229.7	335	61.3	0	300	300	
	232.3	335	62.66	0	300	300	
	241	335	68.82	0	300	300	
	240.9	335	64.94	0	300	300	
	235.7	335	58.62	0	300	300	
	233.3	335	53.14	0	300	300	
	234.5	335	52.34	0	300	300	
	228.8	335	46.34	0	300	300	
	232.4	335	49.1	0	300	300	
	234.5	335	49.86	0	300	300	
	231.1	340	43.52	0	300	300	
	220.7	340	32.22	0	300	300	
	236.3	340	41.84	0	300	300	
	244.7	340	45.88	0	300	300	
	248.6	340	46.84	0	300	300	
	249.3	340	43.02	0	300	300	
	244.6	340	37.8	0	300	300	
	261.6	345	49.88	0	300	300	
	255.5	345	44.3	0	300	300	
	251.8	345	38.6	0	300	300	
	261.1	345	44.94	0	300	300	
	265.8	345	47.68	0	300	300	
	281	345	55.56	0	300	300	
	274.1	350	46.76	0	300	300	
	272.4	350	44	0	300	300	
	276	350	44.42	0	300	300	
	287.4	350	51.28	0	300	300	
	285.8	350	50.48	0	300	300	
	282.4	350	47.98	0	300	300	
	291.3	350	50.96	0	300	300	
	291.1	350	49	0	300	300	
	286.2	350	45.38	0	300	300	
	284.2	350	43.78	0	300	300	
	284.2	350	43.72	0	300	300	
	288.5	350	45.9	0	300	300	
	281.7	350	39.56	0	300	300	
	281.7	350	39.56	0	300	300	
	287.9	350	45.62	0	300	300	
	284.5	350	42.8	0	300	300	
	284.2	350	42.48	0	300	300	
	283.4	350	41	0	300	300	
	288.6	355	43.94	0	300	300	
	293.2	355	45.74	0	300	300	
	290.3	355	43.94	0	300	300	
	288.9	355	43.94	0	300	300	
	282.5	355	37.22	0	300	300	
	281	355	36.26	0	300	300	
	278.2	355	33.7	0	300	300	
	279.5	355	34.02	0	300	300	
	277.2	355	31.68	0	300	300	
	280.9	355	34.24	0	300	300	
	281.6	355	34.24	0	300	300	
	283.7	355	35.14	0	300	300	
	287	355	36.68	0	300	300	
	288.7	355	37.06	0	300	300	
	290.8	355	37.9	0	300	300	
	291.3	355	37.7	0	300	300	
	296.2	355	41.86	0	300	300	

	100.5	195	187.04	106	300	300	
	106.2	195	163.52	45	300	300	
	106.7	195	150.18	45	300	300	
	112.1	195	152.58	45	300	300	
	115.6	195	149.3	45	300	300	
	110.2	195	134.9	45	300	300	
	124.1	230	139.02	45	300	300	
	129.4	230	142.52	32	300	300	
	119.6	230	126.26	32	300	300	
	120	230	123.58	32	300	300	
	117.5	230	118.6	32	300	300	
	120.3	230	120.2	32	300	300	
	121.3	230	109.06	24	300	300	
	128.5	230	113.06	24	300	300	
	132.5	230	114.02	24	300	300	
	136.1	230	117.1	24	300	300	
	133.4	230	112.46	16	300	300	
	137.7	230	111.54	0	300	300	
	141.9	230	103.56	0	300	300	
	138.9	230	100.56	0	300	300	
	142.8	230	102.3	0	300	300	
	140	230	92.88	0	300	300	
	136.3	230	83.24	0	300	300	
	138.8	230	83.18	0	300	300	
	147.4	235	78.42	0	300	300	
	149.9	235	80.32	0	300	300	
	155.8	235	80.38	0	300	300	
	159.3	235	82.56	0	300	300	
	158.5	235	80.56	0	300	300	
	155.9	235	78.16	0	300	300	
	169.9	235	80.68	0	300	300	
	172.4	235	82.86	0	300	300	
	172	235	82.2	0	300	300	
	177	235	84.94	0	300	300	
	178.4	235	84.2	0	300	300	
	177.9	235	81.76	0	300	300	
	170.2	235	71	0	300	300	
	173.2	235	71.32	0	300	300	
	174.8	235	72.28	0	300	300	
	174.5	235	70.22	0	300	300	
	178.9	235	78.5	0	300	300	
	177.1	235	68.64	0	300	300	
	176.8	240	69.1	0	300	300	
	173.6	240	65.12	0	300	300	
	171.8	240	60.5	0	300	300	
	172.9	240	60.24	0	300	300	
	175.2	240	61.74	0	300	300	
	175.2	240	60.1	0	300	300	
	176.4	240	55.32	0	300	300	
	179.7	240	59.1	0	300	300	
	181.2	240	60.64	0	300	300	
	182.5	240	61.22	0	300	300	
	175.6	240	51.18	0	300	300	
	175.5	240	49.32	0	300	300	
	188.8	240	53.58	0	300	300	
	189.7	240	53.32	0	300	300	
	191.1	240	49.76	0	300	300	
	191.5	240	49.8	0	300	300	
	192.3	240	50.48	0	300	300	
	196.7	240	54.04	0	300	300	
	197.9	240	49.36	0	300	300	
	198.7	240	48.72	0	300	300	
	196.6	240	41.76	0	300	300	
	198.2	240	37.82	0	300	300	
	195.8	240	30.86	0	300	300	
	199.9	240	36.44	0	300	300	
	199.8	245	32.3	0	300	300	
	201.1	245	33.78	0	300	300	
	203.2	245	37.14	0	300	300	
	204.1	245	37.72	0	300	300	
	203.8	245	33.36	0	300	300	
	201.4	245	28.1	0	300	300	
	201.2	245	22.4	0	300	300	
	201.9	245	23.04	0	300	300	
	202.7	245	23.94	0	300	300	
	204.4	245	25.16	0	300	300	
	205.1	245	25.8	0	300	300	
	206.5	245	27.82	0	300	300	
	203.6	245	18.74	0	300	300	
	204.4	245	18.26	0	300	300	
	201	245	10.82	0	300	300	
	200.6	245	9.76	0	300	300	
	200.9	245	9.76	0	300	300	
	201	245	9.44	0	300	300	
	201.2	245	7.2	0	300	300	
	203.7	245	10.98	0	300	300	
	204.5	245	12.52	0	300	300	
	207.5	245	15.56	0	300	300	
	208	245	13.48	0	300	300	
	210.4	245	18.68	0	300	300	
	213.6	250	19.82	0	300	300	
	215	250	22	0	300	300	
	215.2	250	21.68	0	300	300	
	216.6	250	22.9	0	300	300	
	214.3	250	15.72	0	300	300	
	215	250	15.88	0	300	300	
	219	250	20.3	0	300	300	
	218.2	250	16.9	0	300	300	
	217.5	250	15.2	0	300	300	
	217.5	250	15.2	0	300	300	
	217.2	250	14.56	0	300	300	

	92	195	191	45	300	300	
	104.8	195	170.16	45	300	300	
	108.8	195	162.32	45	300	300	
	108.1	195	151.1	45	300	300	
	112.6	195	148.8	45	300	300	
	111.6	195	139.6	0	300	300	
	119.5	195	139.8	0	300	300	
	120.3	195	135.92	0	300	300	
	114.1	195	124	0	300	300	
	108.2	195	111.92	0	300	300	
	105	195	105.82	0	300	300	
	102.6	195	96.06	0	300	300	
	116.2	195	101.32	0	300	300	
	99.7	195	78.2	0	300	300	
	99.1	195	74.18	0	300	300	
	92.8	195	66.96	0	300	300	
	86.6	195	59	0	300	300	
	111.4	195	88.92	0	300	300	
	138.7	225	99.78	0	300	300	
	143.2	225	99.96	0	300	300	
	153.4	225	106.76	0	300	300	
	155.7	225	105.1	0	300	300	
	162	225	110.56	0	300	300	
	154.9	225	94.72	0	300	300	
	163.7	230	85.58	0	300	300	
	167.8	250	88.66	0	300	300	
	167	250	86.38	0	300	300	
	175.3	250	93.4	0	300	300	
	175.8	250	93.44	0	300	300	
	174.7	250	90.28	0	300	300	
	183.4	255	88.78	0	300	300	
	184.8	255	88.28	0	300	300	
	182	255	81.54	0	300	300	
	182	255	77.14	0	300	300	
	184.1	255	80.1	0	300	300	
	185.3	255	78.66	0	300	300	
	189.3	255	83.24	0	300	300	
	194.1	255	93.78	0	300	300	
	196.8	255	96.06	0	300	300	
	198.7	255	96.22	0	300	300	
	196.7	255	92.36	0	300	300	
	195.8	255	89.08	0	300	300	
	204.4	255	98.18	0	300	300	
	202.9	255	93.24	0	300	300	
	203.7	255	94.1	0	300	300	
	203.2	255	92.68	0	300	300	
	201.1	255	87.58	0	300	300	
	200.1	255	84.78	0	300	300	
	199.1	255	74.52	0	300	300	
	199.9	255	72.34	0	300	300	
	201.5	255	73.46	0	300	300	
	202.3	255	74.42	0	300	300	
	203	255	75.48	0	300	300	
	207.5	260	81.12	0	300	300	
	209.8	260	81.04	0	300	300	
	210.3	260	82.7	0	300	300	
	212.4	260	85.32	0	300	300	
	213	260	84.86	0	300	300	
	213.3	260	82.26	0	300	300	
	212.8	260	79.7	0	300	300	
	214.4	260	77.44	0	300	300	
	213.7	260	77.06	0	300	300	
	212.8	260	72.86	0	300	300	
	212.9	260	71.52	0	300	300	
	210.7	260	66.26	0	300	300	
	210.2	260	64.72	0	300	300	
	215	260	72.8	0	300	300	
	215.7	260	72.28	0	300	300	
	214.3	260	66.54	0	300	300	
	214.2	260	64.64	0	300	300	
	213.1	260	59.64	0	300	300	
	213.8	260	58.2	0	300	300	
	213.5	270	52.62	0	300	300	
	213.8	270	48.3	0	300	300	
	215	270	53.08	0	300	300	
	215	270	49.94	0	300	300	
	216.8	270	52.06	0	300	300	
	220.9	270	61.52	0	300	300	
	223.7	270	65.02	0	300	300	
	224.6	270	66.18	0	300	300	
	227	270	68.86	0	300	300	
	226.5	270	65.66	0	300	300	
	226.4	270	64.18	0	300	300	
	228.1	270	66.78	0	300	300	
	224.3	270	51.62	0	300	300	
	226.6	270	55.08	0	300	300	
	230.6	270	56.54	0	300	300	
	234.6	270	62.44	0	300	300	
	236	270	64.58	0	300	300	
	236.3	270	63.1	0	300	300	
	234.5	270	49.54	0	300	300	
	233.2	275	43.64	0	300	300	
	233	275	43.48	0	300	300	
	237.2	275	49.92	0	300	300	
	238	275	50.46	0	300	300	
	237.8	275	49.3	0	300	300	
	240.3	275	51.86	0	300	300	
	240.1	275	50.9	0	300	300	
	238.9	275	45.2	0	300	300	
	240.1	275	47.28	0	300	300	
	240.5	275	49.68	0	300	300	

	103.8	190	192.28	90	300	300	
	108	190	168.68	45	300	300	
	110.3	190	145.18	45	300	300	
	111.4	210	133.58	45	300	300	
	114.9	210	135.38	45	300	300	
	117.1	210	131.2	45	300	300	
	138.2	220	139.14	45	300	300	
	137.2	220	134.36	45	300	300	
	132.8	220	122.38	32	300	300	
	132	220	118.56	32	300	300	
	135	220	117.56	32	300	300	
	140	220	117.68	32	300	300	
	149.5	230	116.08	32	300	300	
	153.7	230	118.26	32	300	300	
	156.4	230	120.84	32	300	300	
	161.3	265	122.22	32	300	300	
	160.7	265	119.74	32	300	300	
	155.9	270	113.12	16	300	300	
	167.4	270	113.7	16	300	300	
	164.7	270	107.4	16	300	300	
	159.4	270	102.04	0	300	300	
	161.1	270	101.12	0	300	300	
	159.9	270	97.64	0	300	300	
	159.8	270	94.36	0	300	300	
	173.8	275	100.5	0	300	300	
	175.3	275	99.82	0	300	300	
	172.4	275	95.32	0	300	300	
	171.6	275	92.1	0	300	300	
	171.9	275	91.04	0	300	300	
	170.9	275	88.5	0	300	300	
	172.2	275	83.56	0	300	300	
	170.7	275	81.92	0	300	300	
	170.9	275	81.02	0	300	300	
	170.5	275	80.86	0	300	300	
	171.4	275	81.14	0	300	300	
	168.9	275	80.18	0	300	300	
	172.4	275	81.82	0	300	300	
	165.5	275	75.72	0	300	300	
	159	275	71.5	0	300	300	
	156.3	275	67.12	0	300	300	
	169.2	275	79.34	0	300	300	
	174.7	275	80.56	0	300	300	
	190.5	280	86.48	0	300	300	
	189.1	280	84.1	0	300	300	
	187.9	280	81.12	0	300	300	
	183.9	280	76.5	0	300	300	
	181.1	280	74.32	0	300	300	
	182.9	280	74.32	0	300	300	
	181	280	70.9	0	300	300	
	183.4	280	72.18	0	300	300	
	193.5	280	80.98	0	300	300	
	192	280	75.9	0	300	300	
	187.3	280	70.8	0	300	300	
	182.8	280	66.46	0	300	300	
	182.3	280	62.76	0	300	300	
	181.9	280	62.6	0	300	300	
	183.2	280	63.98	0	300	300	
	181.8	280	62.6	0	300	300	
	183.4	280	63.76	0	300	300	
	184.3	280	71.22	0	300	300	
	189.1	280	69.94	0	300	300	
	179.3	280	62.98	0	300	300	
	170.9	280	55.22	0	300	300	
	171.3	280	55.22	0	300	300	
	161.9	280	49.16	0	300	300	
	154.9	280	42.82	0	300	300	
	152.1	280	39.1	0	300	300	
	145.6	280	32.2	0	300	300	
	144.1	280	31.56	0	300	300	
	159.6	280	43.2	0	300	300	
	161.9	280	44.32	0	300	300	
	168.4	280	47.3	0	300	300	
	190.4	280	61.04	0	300	300	
	194.8	280	62.96	0	300	300	
	196.5	280	62.9	0	300	300	
	194.4	280	60.2	0	300	300	
	190.8	280	56.12	0	300	300	
	188.2	280	50.98	0	300	300	
	188.2	280	50.98	0	300	300	
	186.9	280	50.34	0	300	300	
	181.7	280	47.2	0	300	300	
	181.7	280	47.2	0	300	300	
	179.1	280	45.92	0	300	300	
	169.6	280	39.22	0	300	300	
	169.6	280	39.22	0	300	300	
	163.1	280	36.02	0	300	300	
	157.9	280	33.46	0	300	300	
	152.7	280	30.9	0	300	300	
	150.2	280	29.62	0	300	300	
	150.2	280	29.62	0	300	300	
	152.3	280	30.42	0	300	300	
	152.3	280	30.42	0	300	300	
	150.3	280	29.62	0	300	300	
	150.3	280	29.62	0	300	300	
	149	280	28.98	0	300	300	
	148.1	280	28.66	0	300	300	
	148.1	280	28.66	0	300	300	
	157.5	280	34.94	0	300	300	
	161.6	280	38.02	0	300	300	
	166.7	280	40.58	0	300	300	
	177.7	280	48.92	0	300	300	

	101.7	195	177.88	45	300	300	
	104.6	195	158.58	45	300	300	
	108.9	195	148.62	45	300	300	
	109.2	195	141.14	45	300	300	
	110.1	195	135	45	300	300	
	116.9	195	135.66	45	300	300	
	127.7	215	128.16	32	300	300	
	126.1	215	123.3	32	300	300	
	124	215	117.84	0	300	300	
	119.5	215	110.06	0	300	300	
	120.1	215	109.38	0	300	300	
	123.1	215	110.92	0	300	300	
	136.2	215	113.14	0	300	300	
	131	215	105.66	0	300	300	
	127.1	215	100.7	0	300	300	
	130.6	215	99.62	0	300	300	
	125.6	215	91.9	0	300	300	
	119.2	215	80.94	0	300	300	
	120.7	235	81.5	0	300	300	
	121.8	235	78.16	0	300	300	
	119.7	235	73.02	0	300	300	
	122.8	235	71.62	0	300	300	
	120	235	64.5	0	300	300	
	129.1	235	70.24	0	300	300	
	142.8	255	74.78	0	300	300	
	144.8	255	76.16	0	300	300	
	145.3	255	75.26	0	300	300	
	144.7	255	73.06	0	300	300	
	153.3	255	79.86	0	300	300	
	157.1	255	81.6	0	300	300	
	163.8	265	80.34	0	300	300	
	173	265	87.1	0	300	300	
	172	265	80.38	0	300	300	
	172.7	265	78.72	0	300	300	
	172.9	265	76.7	0	300	300	
	173.6	265	73.1	0	300	300	
	183.3	285	69.42	0	300	300	
	186.3	285	69.78	0	300	300	
	194.1	285	71.94	0	300	300	
	197.9	285	71.44	0	300	300	
	199.3	285	71.22	0	300	300	
	201.7	285	71.52	0	300	300	
	204.7	285	75.38	0	300	300	
	200.5	285	72.68	0	300	300	
	200.3	285	70.56	0	300	300	
	206.5	285	75.82	0	300	300	
	206.6	285	75.3	0	300	300	
	200.7	285	72.5	0	300	300	
	206.7	285	75.6	0	300	300	
	201.9	285	75.56	0	300	300	
	208.9	285	79.06	0	300	300	
	213.9	285	82.3	0	300	300	
	209.7	285	77.66	0	300	300	
	209.2	285	78.44	0	300	300	
	221.7	295	84.46	0	300	300	
	227.3	295	88.86	0	300	300	
	225	295	84.32	0	300	300	
	219.5	295	82.42	0	300	300	
	225.4	295	84.58	0	300	300	
	218.2	295	75.38	0	300	300	
	218.8	295	70.88	0	300	300	
	211.9	295	65.74	0	300	300	
	211.9	295	65.42	0	300	300	
	209	295	62.18	0	300	300	
	204.6	295	58.14	0	300	300	
	209.7	295	61.86	0	300	300	
	212.9	295	63.16	0	300	300	
	214.9	295	63.16	0	300	300	
	215	295	62.84	0	300	300	
	217.8	295	64.22	0	300	300	
	226.7	295	72.12	0	300	300	
	229	295	72.34	0	300	300	
	241.2	295	76.92	0	300	300	
	241.5	295	76.6	0	300	300	
	234.9	295	69.38	0	300	300	
	240.8	295	69.8	0	300	300	
	239.2	295	66.4	0	300	300	
	238.9	295	64.54	0	300	300	
	239.4	295	64.66	0	300	300	
	231.2	295	62.34	0	300	300	
	231.7	295	62.56	0	300	300	
	232.1	295	62.08	0	300	300	
	232.9	295	62.08	0	300	300	
	232.2	295	59.96	0	300	300	
	236	295	56.96	0	300	300	
	234.1	295	56.38	0	300	300	
	236.1	295	56.96	0	300	300	
	234.6	295	56.48	0	300	300	
	232.3	295	53.3	0	300	300	
	229.9	295	50.6	0	300	300	
	240.5	295	53.82	0	300	300	
	241.3	295	55.94	0	300	300	
	241.4	295	55.94	0	300	300	
	239.5	295	53.76	0	300	300	
	240.7	295	53.76	0	300	300	
	240	295	51.32	0	300	300	
	243.6	295	48.22	0	300	300	
	236.1	295	45.58	0	300	300	
	232	295	44.1	0	300	300	
	227.5	295	42.42	0	300	300	
	225.5	295	41.84	0	300	300	

	99.4	185	182.22	77	300	300	
	111.3	205	164.64	77	300	300	
	115	210	154.92	45	300	300	
	116.8	210	146.44	45	300	300	
	114.1	210	133.42	45	300	300	
	112.4	210	124.66	45	300	300	
	128	215	123.56	45	300	300	
	136.3	230	124.12	16	300	300	
	135.6	230	119.8	16	300	300	
	139.8	230	121.12	16	300	300	
	133.8	230	111.48	16	300	300	
	130.8	230	106.42	0	300	300	
	153.4	240	115	0	300	300	
	158.8	240	116.62	0	300	300	
	149.2	240	107.3	0	300	300	
	145.2	240	99.62	0	300	300	
	143.1	240	97.02	0	300	300	
	144.9	240	98.5	0	300	300	
	164.3	280	105.68	0	300	300	
	162.1	280	102.98	0	300	300	
	160.8	280	100.12	0	300	300	
	157.2	280	97	0	300	300	
	152.1	280	91.34	0	300	300	
	147.3	280	87.26	0	300	300	
	152	280	84.12	0	300	300	
	151.6	280	82.96	0	300	300	
	148.1	280	79.46	0	300	300	
	142.5	280	73.52	0	300	300	
	138.8	280	70.66	0	300	300	
	131.8	280	66.8	0	300	300	
	147.1	280	73.68	0	300	300	
	145.8	280	72.04	0	300	300	
	142	280	69.16	0	300	300	
	138.3	280	65.14	0	300	300	
	130.9	280	57.18	0	300	300	
	130.9	280	56.28	0	300	300	
	156.7	280	68.18	0	300	300	
	152.9	280	65.58	0	300	300	
	152.3	280	63.18	0	300	300	
	169.3	280	73.42	0	300	300	
	171.5	280	75.34	0	300	300	
	168.1	280	72.16	0	300	300	
	179.6	280	74.54	0	300	300	
	178.9	280	73.52	0	300	300	
	175	280	70.78	0	300	300	
	182.1	280	75.28	0	300	300	
	185.5	280	80.64	0	300	300	
	181	280	75.34	0	300	300	
	182.9	280	75.46	0	300	300	
	184.4	280	77.94	0	300	300	
	184.1	280	78.26	0	300	300	
	190.6	280	79.9	0	300	300	
	191.8	280	81.92	0	300	300	
	187.8	280	76.52	0	300	300	
	198.8	280	87.82	0	300	300	
	197.1	280	83.8	0	300	300	
	200.4	280	84.38	0	300	300	
	196.9	280	77.02	0	300	300	
	203.8	280	82.8	0	300	300	
	202.6	280	80.82	0	300	300	
	207.7	280	81.36	0	300	300	
	208.9	280	83.48	0	300	300	
	209.6	280	83.32	0	300	300	
	211.9	280	84.76	0	300	300	
	218.1	295	92.24	0	300	300	
	219.3	295	92.26	0	300	300	
	222.2	295	90.42	0	300	300	
	216.5	295	83.32	0	300	300	
	218.5	295	85.44	0	300	300	
	220	295	87.72	0	300	300	
	213.7	295	77.94	0	300	300	
	216.2	320	78.32	0	300	300	
	216.6	320	68.2	0	300	300	
	216.6	320	67.3	0	300	300	
	216.9	320	67.3	0	300	300	
	218.1	320	68.26	0	300	300	
	216.6	320	67.46	0	300	300	
	215.9	320	66.4	0	300	300	
	216	320	64.26	0	300	300	
	216.2	320	59.72	0	300	300	
	215.6	320	59.08	0	300	300	
	215.6	320	59.08	0	300	300	
	212.2	320	55.84	0	300	300	
	208.3	320	50.52	0	300	300	
	210.7	320	46.88	0	300	300	
	210.4	320	46.3	0	300	300	
	210.2	320	46.04	0	300	300	
	210.2	320	46.04	0	300	300	
	211.2	320	47.42	0	300	300	
	211	320	47.16	0	300	300	
	218.3	320	55.6	0	300	300	
	217.1	320	53.58	0	300	300	
	215.5	320	54.58	0	300	300	
	212.9	320	53.46	0	300	300	
	216.6	320	56.24	0	300	300	
	216.6	320	55.98	0	300	300	
	216.3	320	52.88	0	300	300	
	218.1	320	54.22	0	300	300	
	218.3	320	54.22	0	300	300	
	218.6	320	53.9	0	300	300	
	216.6	320	53.48	0	300	300	


	101.6	195	181.46	77	300	300	
	100.9	195	152.26	77	300	300	
	98.5	195	141.52	45	300	300	
	98.6	195	137.24	45	300	300	
	106.6	195	141.04	45	300	300	
	104	195	133.72	45	300	300	
	111.9	210	129.88	45	300	300	
	108.4	210	122.9	45	300	300	
	110.9	210	123.38	32	300	300	
	121.5	215	129.02	32	300	300	
	127.4	215	130.24	32	300	300	
	132.6	215	134.94	32	300	300	
	143.6	215	134.68	32	300	300	
	138.8	215	125.98	32	300	300	
	139.1	225	121.84	32	300	300	
	139	225	118.94	32	300	300	
	139.4	225	119.26	32	300	300	
	139.7	225	118.36	32	300	300	
	136.9	225	107.48	32	300	300	
	131.6	225	101.06	32	300	300	
	127.9	225	94.84	16	300	300	
	122.8	225	88.2	16	300	300	
	116.3	225	82.52	16	300	300	
	116.3	225	81.3	16	300	300	
	113.6	225	78.34	16	300	300	
	114.6	225	75	0	300	300	
	111.3	225	71.54	0	300	300	
	109.6	225	69.32	0	300	300	
	108.9	225	67.26	0	300	300	
	109.8	225	68.18	0	300	300	
	121.6	230	76.12	0	300	300	
	122.9	230	75.8	0	300	300	
	123.8	230	76.44	0	300	300	
	118.8	230	71.72	0	300	300	
	120.2	230	72.62	0	300	300	
	116.1	230	67.1	0	300	300	
	117.1	230	62.62	0	300	300	
	116.5	230	63.66	0	300	300	
	113.8	230	58.9	0	300	300	
	113	230	56.72	0	300	300	
	110.1	230	53.16	0	300	300	
	112.8	230	53.84	0	300	300	
	141.7	230	72.32	0	300	300	
	138	230	68.18	0	300	300	
	138.2	230	68.18	0	300	300	
	130	230	60.16	0	300	300	
	130.5	230	60.16	0	300	300	
	129.1	230	59.2	0	300	300	
	129.5	235	55.44	0	300	300	
	117.2	235	46.9	0	300	300	
	118	235	46.58	0	300	300	
	118.5	235	46.58	0	300	300	
	120.6	235	47.48	0	300	300	
	124.2	235	49.76	0	300	300	
	126.2	235	49.92	0	300	300	
	130.6	235	52.96	0	300	300	
	142.2	235	63.04	0	300	300	
	147.8	235	68.08	0	300	300	
	147.6	235	63.8	0	300	300	
	149.3	235	65.34	0	300	300	
	157.8	235	66.3	0	300	300	
	154	235	62.9	0	300	300	
	155.6	235	63.8	0	300	300	
	160	235	65.86	0	300	300	
	158.8	235	63.74	0	300	300	
	160.8	235	65.12	0	300	300	
	165.2	235	65.34	0	300	300	
	165.2	235	65.34	0	300	300	
	160.5	235	60.32	0	300	300	
	158.3	235	58.04	0	300	300	
	158.1	235	57.3	0	300	300	
	156.3	235	55.7	0	300	300	
	158.4	235	54.78	0	300	300	
	157.8	235	54.14	0	300	300	
	155.4	240	51.44	0	300	300	
	160.9	245	58.6	0	300	300	
	163.4	245	60.08	0	300	300	
	164.2	245	60.24	0	300	300	
	173.5	245	63.1	0	300	300	
	169.4	245	58.96	0	300	300	
	177.3	245	64.74	0	300	300	
	180.2	245	67.54	0	300	300	
	180.4	245	66.32	0	300	300	
	183.3	265	69.34	0	300	300	
	192.6	265	75.22	0	300	300	
	196	265	77.66	0	300	300	
	198.3	265	78.98	0	300	300	
	198.8	265	78.38	0	300	300	
	198	265	77.1	0	300	300	
	202.9	265	81.14	0	300	300	
	221.5	265	91.8	0	300	300	
	213.5	265	80.52	0	300	300	
	206.2	265	74.08	0	300	300	
	204.1	265	71.6	0	300	300	
	204.3	265	71.92	0	300	300	
	206.5	270	71.54	0	300	300	
	211.3	270	73.58	0	300	300	
	213.5	270	74.42	0	300	300	
	214	270	74.14	0	300	300	
	213.2	270	72.64	0	300	300	
	213.8	270	73.28	0	300	300	

	97.4	195	186.48	90	300	300	
	105.1	195	166.14	90	300	300	
	112.1	195	155.38	85	300	300	
	113.3	195	146.7	45	300	300	
	118.5	195	148.1	40	300	300	
	121.8	195	146.14	40	300	300	
	130	220	135.36	40	300	300	
	132.1	220	132.6	40	300	300	
	129.6	220	125.3	0	300	300	
	126.6	220	116.5	0	300	300	
	120.2	220	103.38	0	300	300	
	120.1	220	100.22	0	300	300	
	131	235	103.36	0	300	300	
	131.6	235	103.08	0	300	300	
	128.4	235	95.62	0	300	300	
	127.3	235	91.38	0	300	300	
	133	245	94.3	0	300	300	
	134.2	245	91.9	0	300	300	
	150.7	245	97.4	0	300	300	
	151.4	245	93.66	0	300	300	
	151.9	245	93.6	0	300	300	
	152.5	245	89.1	0	300	300	
	152.7	245	88.04	0	300	300	
	153.8	245	87.04	0	300	300	
	168.7	285	92.62	0	300	300	
	180	285	102.04	0	300	300	
	185.4	285	104.44	0	300	300	
	187.4	285	101.52	0	300	300	
	183.5	285	92.94	0	300	300	
	183.7	285	84.42	0	300	300	
	212.2	295	94.16	0	300	300	
	217.8	315	89.38	0	300	300	
	232.7	315	90.38	0	300	300	
	234.7	315	84.02	0	300	300	
	234.3	315	75.8	0	300	300	
	243	320	77.42	0	300	300	
	248.1	330	64.22	0	300	300	
	252.3	330	65.38	0	300	300	
	252.5	330	59.34	0	300	300	
	261	345	62.68	0	300	300	
	266.6	360	63.64	0	300	300	
	270.4	360	64.38	0	300	300	
	275.1	360	61.04	0	300	300	
	271	360	55.5	0	300	300	
	271.2	360	53.26	0	300	300	
	272.1	360	52	0	300	300	
	281.8	360	59.96	0	300	300	
	287	360	63.22	0	300	300	
	286.1	360	53.84	0	300	300	
	289	360	54.56	0	300	300	
	288.2	360	52.86	0	300	300	
	289.1	360	52.38	0	300	300	
	286.5	360	49.82	0	300	300	
	286	360	48.12	0	300	300	
	301.2	360	54.12	0	300	300	
	300.5	360	52.9	0	300	300	
	300	360	52.54	0	300	300	
	303.3	360	53.76	0	300	300	
	308.2	360	55.4	0	300	300	
	313.4	360	58.46	0	300	300	
	313	360	56.5	0	300	300	
	316.1	360	59.02	0	300	300	
	316.9	360	59.5	0	300	300	
	314.9	360	56.64	0	300	300	
	314.6	360	55.16	0	300	300	
	316.6	360	54.26	0	300	300	
	319.9	360	53.94	0	300	300	
	323.4	365	55.64	0	300	300	
	329.6	365	59.16	0	300	300	
	331.1	365	59.48	0	300	300	
	329.8	365	57.38	0	300	300	
	329.8	365	56.1	0	300	300	
	328.1	365	51.32	0	300	300	
	329	365	51.28	0	300	300	
	325	365	47.56	0	300	300	
	326.8	365	47.62	0	300	300	
	331.5	365	49.06	0	300	300	
	333.7	365	50.12	0	300	300	
	334.6	365	49.34	0	300	300	
	333.8	365	48.54	0	300	300	
	330.8	365	45.08	0	300	300	
	330.1	365	43.92	0	300	300	
	332.2	365	44.56	0	300	300	
	333.1	365	44.56	0	300	300	
	332.6	370	41.68	0	300	300	
	334.7	370	42.64	0	300	300	
	332.9	370	41.04	0	300	300	
	336.5	370	44.72	0	300	300	
	333.4	370	40.98	0	300	300	
	328.1	370	35.44	0	300	300	
	329.6	370	35.5	0	300	300	
	329.7	370	35.34	0	300	300	
	333.1	370	38.7	0	300	300	
	333.2	370	38.12	0	300	300	
	331.7	370	36.58	0	300	300	
	330.6	370	34.34	0	300	300	
	334.7	370	37.8	0	300	300	
	338.5	370	41.42	0	300	300	
	338.4	370	40.68	0	300	300	
	339.9	370	42.7	0	300	300	
	337.5	370	38.44	0	300	300	

	96.5	195	168.96	45	300	300	
	100.7	195	151.94	45	300	300	
	106.9	195	146.98	45	300	300	
	107.1	195	138.42	45	300	300	
	107.3	195	130.54	45	300	300	
	106.1	195	123.82	32	300	300	
	117.2	195	127.02	32	300	300	
	114.2	195	123.14	32	300	300	
	114.4	195	122.14	32	300	300	
	112.5	195	118.54	32	300	300	
	125	195	127.66	0	300	300	
	123.1	195	122.42	0	300	300	
	126.4	215	119.52	0	300	300	
	125.5	215	118.58	0	300	300	
	119.7	215	106.38	0	300	300	
	120.5	220	106.22	0	300	300	
	118.6	220	103.62	0	300	300	
	117.8	230	97.12	0	300	300	
	129.3	235	99.3	0	300	300	
	129.3	235	98.98	0	300	300	
	127.5	235	95.52	0	300	300	
	128.2	235	94.28	0	300	300	
	130	235	95.44	0	300	300	
	132.4	235	96.24	0	300	300	
	139.7	235	99.2	0	300	300	
	132.7	235	91.66	0	300	300	
	132	235	90	0	300	300	
	131.6	235	88.78	0	300	300	
	131.9	235	88.78	0	300	300	
	139.4	235	97.48	0	300	300	
	150.9	245	103	0	300	300	
	143.4	245	96.32	0	300	300	
	133	245	85.82	0	300	300	
	134.3	245	85.24	0	300	300	
	134.9	245	85.24	0	300	300	
	142.8	245	92.06	0	300	300	
	153.9	245	100.1	0	300	300	
	152.7	245	97.92	0	300	300	
	150.6	245	95.16	0	300	300	
	150.9	245	94.44	0	300	300	
	149.4	245	92.32	0	300	300	
	147.6	245	90.72	0	300	300	
	151.6	245	94.6	0	300	300	
	152	245	94.02	0	300	300	
	154	245	95.82	0	300	300	
	159.4	245	100.12	0	300	300	
	160.5	285	99.54	0	300	300	
	162.3	285	100.18	0	300	300	
	159.7	285	94.24	0	300	300	
	159.6	285	91.12	0	300	300	
	162.8	285	92.06	0	300	300	
	161.5	295	89.84	0	300	300	
	160.4	295	88.36	0	300	300	
	162.3	295	88.74	0	300	300	
	172.2	295	94.96	0	300	300	
	171.3	295	93.64	0	300	300	
	169.1	295	91.68	0	300	300	
	165.9	295	86.74	0	300	300	
	163.7	295	83.3	0	300	300	
	159.6	295	79.96	0	300	300	
	165.6	295	79.82	0	300	300	
	161.6	295	75.78	0	300	300	
	158.1	295	72.92	0	300	300	
	159.4	295	73.24	0	300	300	
	151.6	295	66.38	0	300	300	
	146	295	61.98	0	300	300	
	148.8	295	62.52	0	300	300	
	163.8	295	77.7	0	300	300	
	166.3	295	75.9	0	300	300	
	165.3	295	73.26	0	300	300	
	167.4	295	75.16	0	300	300	
	172.2	295	77.18	0	300	300	
	176.7	295	78.5	0	300	300	
	176.7	295	78.5	0	300	300	
	174.7	295	77.6	0	300	300	
	176.4	295	77.66	0	300	300	
	177.9	295	77.6	0	300	300	
	181.6	295	79.72	0	300	300	
	184.4	295	78.14	0	300	300	
	185.2	295	76.58	0	300	300	
	181.7	295	74.2	0	300	300	
	181.1	295	73.82	0	300	300	
	177.4	295	69.04	0	300	300	
	180.7	295	71.48	0	300	300	
	189.8	295	73.64	0	300	300	
	188.8	295	71.3	0	300	300	
	184.2	295	67.96	0	300	300	
	179.8	295	64.84	0	300	300	
	174.9	295	59.96	0	300	300	
	172.8	295	59.06	0	300	300	
	178.3	295	61.7	0	300	300	
	176.1	295	59.64	0	300	300	
	176.1	295	59.64	0	300	300	
	163.2	300	51.26	0	300	300	
	163.1	300	51.62	0	300	300	
	164.6	300	51.62	0	300	300	
	192.1	300	65.14	0	300	300	
	191.6	300	65.04	0	300	300	
	187.8	300	64.62	0	300	300	
	187.6	300	63.98	0	300	300	
	180.7	300	58.78	0	300	300	

	105.4	185	186.44	90	300	300	
	113.1	185	163.9	90	300	300	
	114.4	205	150.2	45	300	300	
	114.4	205	144.62	45	300	300	
	111.2	205	135.98	45	300	300	
	106	205	127.86	45	300	300	
	115.8	235	121.46	45	300	300	
	115.6	235	118.32	45	300	300	
	114	235	115.1	45	300	300	
	109.4	235	106.98	45	300	300	
	119.5	235	113.02	45	300	300	
	118.7	235	112.06	45	300	300	
	127.9	265	112.26	45	300	300	
	127.5	265	110.78	45	300	300	
	128	265	109.68	45	300	300	
	127.6	265	107.66	45	300	300	
	125.9	265	105.28	32	300	300	
	133.1	265	108.84	32	300	300	
	143.7	265	113.22	32	300	300	
	143.8	265	113.54	32	300	300	
	148.1	265	115.44	32	300	300	
	145.4	265	108.88	32	300	300	
	146.5	265	107.78	32	300	300	
	143.2	265	103	32	300	300	
	151.3	265	98.36	32	300	300	
	156.9	265	101.12	32	300	300	
	160.9	265	103.62	32	300	300	
	160.2	265	101.46	16	300	300	
	153.7	265	95.42	16	300	300	
	152.4	265	91.28	16	300	300	
	161.1	265	94.62	16	300	300	
	159.4	265	91.44	16	300	300	
	158.3	265	88.96	16	300	300	
	162.2	265	90.02	16	300	300	
	157	265	86.36	16	300	300	
	165.1	265	88.78	16	300	300	
	175.7	265	90.68	16	300	300	
	167	265	84.1	16	300	300	
	164.1	265	81.4	16	300	300	
	164.1	265	80.02	16	300	300	
	163.2	265	77.8	16	300	300	
	159.8	265	74.26	16	300	300	
	173	265	79.92	16	300	300	
	173	265	79.6	16	300	300	
	177.5	265	81.14	16	300	300	
	179.9	265	82.64	16	300	300	
	177.4	265	79.28	16	300	300	
	177.8	265	81.74	16	300	300	
	180.5	265	79.66	16	300	300	
	176.7	265	76.1	0	300	300	
	176.7	265	75.78	0	300	300	
	180.6	265	76.84	0	300	300	
	176.7	265	74.08	0	300	300	
	180.4	265	74.5	0	300	300	
	185.1	270	75.34	0	300	300	
	187.7	270	76.88	0	300	300	
	187.8	270	74.54	0	300	300	
	189.5	270	75.02	0	300	300	
	183.5	270	70.14	0	300	300	
	182.5	270	70.04	0	300	300	
	178.1	270	61.82	0	300	300	
	173.5	270	58.68	0	300	300	
	170	270	57.2	0	300	300	
	170	270	56.88	0	300	300	
	172.9	270	59.4	0	300	300	
	168.3	270	56.96	0	300	300	
	171.9	270	57.96	0	300	300	
	180.5	270	61.94	0	300	300	
	184.5	270	61.24	0	300	300	
	182.5	270	60.66	0	300	300	
	172.5	270	53.76	0	300	300	
	172.4	270	53.12	0	300	300	
	193.9	270	61.94	0	300	300	
	195.2	270	62.78	0	300	300	
	191.2	270	58.48	0	300	300	
	189.6	270	58.42	0	300	300	
	192.4	270	62.66	0	300	300	
	201.3	270	67.34	0	300	300	
	207.4	270	70.72	0	300	300	
	207.2	270	69.88	0	300	300	
	207.2	270	69.3	0	300	300	
	205.3	270	65.74	0	300	300	
	204.6	270	64.36	0	300	300	
	208.6	270	66.22	0	300	300	
	211.5	270	62.3	0	300	300	
	209.3	270	58.96	0	300	300	
	208.4	270	56.14	0	300	300	
	207.2	270	53.16	0	300	300	
	212	270	65.58	0	300	300	
	215.3	270	69.26	0	300	300	
	215.5	270	65.44	0	300	300	
	216.3	270	67.26	0	300	300	
	216.5	270	66.84	0	300	300	
	212.9	270	61.3	0	300	300	
	211.5	270	57.42	0	300	300	
	208.5	270	53.12	0	300	300	
	215.3	270	63.74	0	300	300	
	216.1	270	63.48	0	300	300	
	216.2	270	63.54	0	300	300	
	214.8	270	61.42	0	300	300	
	215.6	270	61.48	0	300	300	

	87.9	195	192.66	90	300	300	
	95.4	195	167.88	45	300	300	
	99.1	200	154.82	45	300	300	
	101.5	215	138.56	32	300	300	
	109.2	230	137.58	32	300	300	
	112.1	230	131.24	32	300	300	
	133.6	230	134.04	32	300	300	
	127.7	230	123.4	32	300	300	
	133.4	230	123.6	32	300	300	
	134.8	230	116.46	16	300	300	
	139.3	230	116.74	16	300	300	
	136.7	230	109.8	16	300	300	
	152.8	235	108.24	16	300	300	
	154.8	235	111.9	16	300	300	
	158.3	235	106.32	16	300	300	
	160.6	245	101.84	16	300	300	
	158.3	245	93	16	300	300	
	157.2	245	86.16	16	300	300	
	171.8	245	86.54	16	300	300	
	175.1	265	87.34	16	300	300	
	182.8	265	93.26	8	300	300	
	186.1	265	94.14	8	300	300	
	184.2	265	91.44	0	300	300	
	178.6	265	80.52	0	300	300	
	199.1	270	79.04	0	300	300	
	198.1	285	76.34	0	300	300	
	186.9	285	64.6	0	300	300	
	191.2	285	62.62	0	300	300	
	192.4	285	59.3	0	300	300	
	196.4	285	57.02	0	300	300	
	229.3	285	67.1	0	300	300	
	229.8	285	65.24	0	300	300	
	232.8	285	64.54	0	300	300	
	235.2	285	61.72	0	300	300	
	236.4	285	61.5	0	300	300	
	239.5	285	64.62	0	300	300	
	243.8	305	54.48	0	300	300	
	245.3	305	50.94	0	300	300	
	247.1	320	45.84	0	300	300	
	253.1	320	46.42	0	300	300	
	253.1	340	40.1	0	300	300	
	260.5	340	45.9	0	300	300	
	273.9	340	50.84	0	300	300	
	280.5	340	56.86	0	300	300	
	282.6	340	57.38	0	300	300	
	282.5	340	54.5	0	300	300	
	283.8	340	50.62	0	300	300	
	285.6	340	49.14	0	300	300	
	295.2	340	56.3	0	300	300	
	296.3	355	53.92	0	300	300	
	301.1	355	59.24	0	300	300	
	303.9	355	58.72	0	300	300	
	306.4	355	56.32	0	300	300	
	308.5	355	54.2	0	300	300	
	311.8	355	49.62	0	300	300	
	311.1	355	45.92	0	300	300	
	312.5	360	44.24	0	300	300	
	314.6	360	44.94	0	300	300	
	319	360	48.76	0	300	300	
	318.6	360	43.56	0	300	300	
	320.8	360	42.68	0	300	300	
	321.8	360	43.98	0	300	300	
	320.6	360	40.62	0	300	300	
	318.5	360	32.64	0	300	300	
	319.2	360	31.9	0	300	300	
	318.5	360	25.68	0	300	300	
	319.9	360	23.08	0	300	300	
	320.2	360	22.6	0	300	300	
	317.8	360	19.08	0	300	300	
	326.7	375	32.82	0	300	300	
	329.9	375	33.68	0	300	300	
	333	375	37.04	0	300	300	
	332	375	31.24	0	300	300	
	330.8	375	28.52	0	300	300	
	331.5	375	27.88	0	300	300	
	331	375	25.48	0	300	300	
	330.4	375	24.78	0	300	300	
	329.9	375	22.76	0	300	300	
	332.1	375	23.88	0	300	300	
	335.8	375	28.08	0	300	300	
	337.1	375	29.74	0	300	300	
	342.7	375	37.82	0	300	300	
	342.8	375	36.02	0	300	300	
	343.2	375	35.06	0	300	300	
	345.3	375	32.72	0	300	300	
	346	375	33.52	0	300	300	
	347.6	375	33.68	0	300	300	
	349.4	375	35.22	0	300	300	
	349.3	375	34.42	0	300	300	
	347.8	375	31.28	0	300	300	
	344.9	375	25.58	0	300	300	
	345	375	25.1	0	300	300	
	344.8	375	23.18	0	300	300	
	344.2	375	22.38	0	300	300	
	342.8	375	20.46	0	300	300	
	342.6	375	19.18	0	300	300	
	342.6	375	17.32	0	300	300	
	341.3	375	15.3	0	300	300	
	341.4	375	15.46	0	300	300	
	342.4	375	17.22	0	300	300	
	343.1	375	17.7	0	300	300	

	98.4	195	191.9	90	300	300	
	103	195	171.06	61	300	300	
	110.6	195	159.82	61	300	300	
	106.1	195	144.4	61	300	300	
	113	195	150.16	61	300	300	
	113.1	195	140.88	45	300	300	
	122.8	200	136.46	45	300	300	
	124	200	135.92	45	300	300	
	122	200	127.5	16	300	300	
	123	200	121.72	0	300	300	
	114.3	200	109.86	0	300	300	
	115.1	200	109.7	0	300	300	
	112.4	205	97.64	0	300	300	
	110.1	205	89.26	0	300	300	
	104.9	205	82.42	0	300	300	
	92.3	205	66.44	0	300	300	
	98.2	205	68.34	0	300	300	
	101.3	205	70.46	0	300	300	
	99.1	235	58.18	0	300	300	
	110.9	235	66	0	300	300	
	122.2	235	77.48	0	300	300	
	127	235	80.02	0	300	300	
	131.9	235	83.14	0	300	300	
	132.5	235	81.14	0	300	300	
	146.4	245	83.14	0	300	300	
	146.5	245	81.42	0	300	300	
	152.9	245	88.2	0	300	300	
	155.4	245	86.32	0	300	300	
	160	245	87.48	0	300	300	
	158.6	245	86.58	0	300	300	
	164.5	245	86.04	0	300	300	
	164.5	245	85.34	0	300	300	
	165.4	245	84.26	0	300	300	
	166	245	83.12	0	300	300	
	159.6	245	76.08	0	300	300	
	160.8	245	77.46	0	300	300	
	160.6	250	72.36	0	300	300	
	160.1	250	70.72	0	300	300	
	157	250	67.54	0	300	300	
	152.8	250	62.24	0	300	300	
	162	250	70.06	0	300	300	
	160.7	250	66.76	0	300	300	
	166.1	250	68.56	0	300	300	
	170	250	71.7	0	300	300	
	170.3	250	71.7	0	300	300	
	173.2	250	73.76	0	300	300	
	169.9	250	70.68	0	300	300	
	172	250	72.28	0	300	300	
	175.2	250	72.98	0	300	300	
	181.4	250	75.58	0	300	300	
	188.9	250	80.36	0	300	300	
	195.7	250	85.56	0	300	300	
	195.3	250	83.16	0	300	300	
	195.8	250	83.16	0	300	300	
	197.5	260	73.62	0	300	300	
	198.6	260	72.7	0	300	300	
	200	260	71.16	0	300	300	
	194.1	260	61.56	0	300	300	
	190.6	260	55.4	0	300	300	
	197.5	260	58.6	0	300	300	
	203	260	58.62	0	300	300	
	198	260	50.2	0	300	300	
	198.3	260	49.5	0	300	300	
	192.7	260	41.54	0	300	300	
	187.2	265	33.12	0	300	300	
	186.2	265	31.74	0	300	300	
	212.6	285	44.62	0	300	300	
	218.1	285	49.62	0	300	300	
	219.7	285	50.94	0	300	300	
	222.7	285	49.82	0	300	300	
	225.1	290	50.94	0	300	300	
	227	290	50.94	0	300	300	
	232.9	290	53.36	0	300	300	
	237.1	290	57.14	0	300	300	
	237.1	290	56.66	0	300	300	
	237.3	290	55.88	0	300	300	
	238.6	290	55.24	0	300	300	
	242.6	290	56.42	0	300	300	
	243.4	290	53.64	0	300	300	
	243.5	290	53.54	0	300	300	
	245.5	295	56.34	0	300	300	
	246.4	295	56.66	0	300	300	
	250.3	295	59.74	0	300	300	
	251.3	295	60.96	0	300	300	
	251.2	295	60.5	0	300	300	
	252	295	61.66	0	300	300	
	252.3	295	61.3	0	300	300	
	247.9	295	56.58	0	300	300	
	249.9	295	56.46	0	300	300	
	249.6	295	55.5	0	300	300	
	252	300	55.4	0	300	300	
	252.9	300	55.92	0	300	300	
	258.4	300	61.14	0	300	300	
	257.8	300	61.82	0	300	300	
	261.5	300	61.78	0	300	300	
	261.7	300	60.98	0	300	300	
	263.4	300	60	0	300	300	
	261.4	300	58.12	0	300	300	
	260.8	300	55.18	0	300	300	
	262.3	300	55.82	0	300	300	
	261.1	300	52.26	0	300	300	

	100.7	195	191.54	77	300	300	
	110.2	210	172.16	61	300	300	
	112.3	215	157.42	61	300	300	
	117.8	215	155.04	61	300	300	
	120.5	215	146.86	61	300	300	
	126.1	215	148.66	61	300	300	
	141.5	230	149.68	61	300	300	
	140.7	230	146.26	45	300	300	
	144	275	140.92	45	300	300	
	132.7	275	125.56	45	300	300	
	130.1	275	121	45	300	300	
	139.5	275	127.86	45	300	300	
	151.5	290	127.6	45	300	300	
	152.1	290	125.62	45	300	300	
	148.4	290	118.56	45	300	300	
	148.9	290	117.7	32	300	300	
	148.3	290	115.32	32	300	300	
	155.3	290	118.04	32	300	300	
	165	300	119.16	32	300	300	
	171.6	300	120.12	0	300	300	
	175.6	300	121.26	0	300	300	
	178.9	300	122.36	0	300	300	
	178	300	118.76	0	300	300	
	182.8	300	121.68	0	300	300	
	192	300	124.48	0	300	300	
	196.8	300	126.86	0	300	300	
	188.8	300	119.02	0	300	300	
	184.9	300	114.34	0	300	300	
	184.5	300	112.8	0	300	300	
	173.7	300	105.6	0	300	300	
	182.3	300	109.36	0	300	300	
	178.2	300	104.54	0	300	300	
	168.2	300	94.88	0	300	300	
	160.1	300	88.04	0	300	300	
	153	300	81.84	0	300	300	
	146.9	300	75.46	0	300	300	
	147	300	73.08	0	300	300	
	130.5	300	58.82	0	300	300	
	130.7	300	58.18	0	300	300	
	143.2	300	68.1	0	300	300	
	151.5	300	74.2	0	300	300	
	153.7	300	74.26	0	300	300	
	161	300	77.96	0	300	300	
	153.1	300	72.28	0	300	300	
	147.4	300	66.72	0	300	300	
	149.3	300	68.64	0	300	300	
	146.8	300	67.48	0	300	300	
	156	300	74.18	0	300	300	
	164.2	300	77.82	0	300	300	
	162.5	300	77.24	0	300	300	
	150.5	300	70.88	0	300	300	
	151	300	70.66	0	300	300	
	164.7	300	83.62	0	300	300	
	165.3	300	82.02	0	300	300	
	165.5	300	78.88	0	300	300	
	161.8	300	76.12	0	300	300	
	154.5	300	70.98	0	300	300	
	144.2	300	63.18	0	300	300	
	147.6	300	63.8	0	300	300	
	137.2	300	56.06	0	300	300	
	127.9	300	44.24	0	300	300	
	118.3	300	36.18	0	300	300	
	118.3	300	36.18	0	300	300	
	114.6	300	34.32	0	300	300	
	117.3	300	35.38	0	300	300	
	121.4	300	37.98	0	300	300	
	132.1	300	44.32	0	300	300	
	132.7	300	44.64	0	300	300	
	132.9	300	44.64	0	300	300	
	133.1	300	44.64	0	300	300	
	147.5	300	55.14	0	300	300	
	152.2	300	56.94	0	300	300	
	157.8	300	60.24	0	300	300	
	150.5	300	54.2	0	300	300	
	150.6	300	54.2	0	300	300	
	150.6	300	54.2	0	300	300	
	153.7	300	56	0	300	300	
	153.7	300	56	0	300	300	
	152	300	53.62	0	300	300	
	160.1	300	58.4	0	300	300	
	160.1	300	58.4	0	300	300	
	160.1	300	58.4	0	300	300	
	160.1	300	58.4	0	300	300	
	160.2	300	58.4	0	300	300	
	161.4	300	57.9	0	300	300	
	165.9	300	60.72	0	300	300	
	166	300	61.04	0	300	300	
	176.5	300	68.58	0	300	300	
	182.1	300	72.56	0	300	300	
	190.4	300	75.64	0	300	300	
	194.9	300	75.78	0	300	300	
	194.1	300	74.72	0	300	300	
	194	300	74.24	0	300	300	
	196.1	300	74.66	0	300	300	
	196.1	300	74.66	0	300	300	
	194.2	300	73.92	0	300	300	
	194.7	300	73.72	0	300	300	
	193.7	300	72.98	0	300	300	
	193.1	300	72.6	0	300	300	
	188.4	300	69.62	0	300	300	
	191.1	300	70.52	0	300	300	

	98.5	195	186.84	90	300	300	
	100.7	195	154.92	77	300	300	
	103.2	195	142.7	61	300	300	
	106.7	195	137.08	45	300	300	
	105.6	195	130.88	32	300	300	
	105.6	195	123.96	32	300	300	
	125.5	200	132.54	32	300	300	
	125.8	200	132.92	32	300	300	
	118.9	200	123.96	32	300	300	
	116.1	200	118.02	0	300	300	
	117.1	200	117.42	0	300	300	
	108.1	200	106.5	0	300	300	
	124.6	210	114.14	0	300	300	
	122.3	210	108.48	0	300	300	
	121.1	210	105.76	0	300	300	
	124.9	210	104.16	0	300	300	
	117.7	210	93.72	0	300	300	
	117.6	210	83.44	0	300	300	
	135	240	92.34	0	300	300	
	137.9	240	93.56	0	300	300	
	142.7	240	97.48	0	300	300	
	145.8	265	99.16	0	300	300	
	143.6	265	91.02	0	300	300	
	146.1	265	88.42	0	300	300	
	157.7	270	100.9	0	300	300	
	165.4	275	109.92	0	300	300	
	171.6	275	116.86	0	300	300	
	173.6	275	117.38	0	300	300	
	173.8	275	117.06	0	300	300	
	174	275	115.48	0	300	300	
	179.3	275	111.7	0	300	300	
	180.3	275	110.8	0	300	300	
	179.7	275	110.8	0	300	300	
	177.7	275	106.04	0	300	300	
	175.8	275	103.4	0	300	300	
	179.6	275	106.36	0	300	300	
	193.3	275	114.24	0	300	300	
	193.7	275	114.46	0	300	300	
	189.4	275	104.6	0	300	300	
	190.5	275	107.46	0	300	300	
	188.4	275	103.26	0	300	300	
	187.9	275	99.06	0	300	300	
	203.6	290	115.82	0	300	300	
	199.8	290	110	0	300	300	
	200.8	290	108.88	0	300	300	
	205.5	290	115.62	0	300	300	
	202.7	290	112.66	0	300	300	
	202.8	290	112.46	0	300	300	
	200.1	290	105	0	300	300	
	201.7	290	105.84	0	300	300	
	199.2	290	101.92	0	300	300	
	201.2	290	103.68	0	300	300	
	205.7	290	107.38	0	300	300	
	209.2	290	110.84	0	300	300	
	207.4	290	105.44	0	300	300	
	206	290	100.62	0	300	300	
	206.3	295	99.2	0	300	300	
	207	295	97.76	0	300	300	
	202.7	295	91.76	0	300	300	
	202.2	295	88.64	0	300	300	
	221.5	305	101.64	0	300	300	
	219.2	305	96.12	0	300	300	
	216.3	305	92.94	0	300	300	
	212.1	305	88.28	0	300	300	
	209.3	305	82.5	0	300	300	
	211.7	305	84.26	0	300	300	
	220.9	305	88.86	0	300	300	
	226.8	305	93.96	0	300	300	
	230.1	305	97.08	0	300	300	
	231.6	305	95.76	0	300	300	
	228.6	305	92.32	0	300	300	
	222.6	305	86.38	0	300	300	
	220.4	310	80.5	0	300	300	
	220.3	310	79.54	0	300	300	
	224.5	310	82.26	0	300	300	
	223.7	310	80.46	0	300	300	
	222.3	310	76.34	0	300	300	
	219.6	310	72.4	0	300	300	
	226.2	310	76.22	0	300	300	
	223.7	310	72.98	0	300	300	
	233	310	82.28	0	300	300	
	232.6	310	81.22	0	300	300	
	229.8	310	78.14	0	300	300	
	230.9	310	78.24	0	300	300	
	245	310	91.5	0	300	300	
	242.8	310	85.9	0	300	300	
	246.6	310	89.18	0	300	300	
	249	310	91.52	0	300	300	
	241.9	310	82.38	0	300	300	
	245.9	310	86.46	0	300	300	
	246.3	310	83.92	0	300	300	
	243.9	310	79.72	0	300	300	
	241.3	310	76.44	0	300	300	
	244.6	310	78.94	0	300	300	
	245	310	78.68	0	300	300	
	246	310	79.78	0	300	300	
	252	310	85.46	0	300	300	
	253.9	310	87.42	0	300	300	
	254.6	310	88	0	300	300	
	255.9	310	89.16	0	300	300	
	256.7	310	89.74	0	300	300	

	100.5	195	182.64	61	300	300	
	102.6	195	161.74	61	300	300	
	99.4	195	142.24	16	300	300	
	102.6	195	138.18	16	300	300	
	101.6	195	127.26	16	300	300	
	104.5	195	124.66	16	300	300	
	113.8	210	121.38	16	300	300	
	109.9	210	114.86	16	300	300	
	112.6	210	112.08	16	300	300	
	117.2	230	114.12	16	300	300	
	122.7	230	117.92	0	300	300	
	126	230	117.56	0	300	300	
	135.9	240	117.68	0	300	300	
	135.7	240	118.26	0	300	300	
	137.7	240	119.02	0	300	300	
	139.1	240	119.1	0	300	300	
	128.7	240	107.08	0	300	300	
	130.7	240	105.22	0	300	300	
	129.9	240	100.04	0	300	300	
	129.9	240	100.04	0	300	300	
	131.1	240	97.66	0	300	300	
	130.1	240	95.06	0	300	300	
	130.5	240	94.7	0	300	300	
	136.1	240	100.54	0	300	300	
	142.2	240	101.84	0	300	300	
	139.3	240	97.3	0	300	300	
	145.8	240	100.96	0	300	300	
	145.5	240	96.94	0	300	300	
	144.9	240	97.92	0	300	300	
	140.6	240	91.52	0	300	300	
	141.8	240	86.78	0	300	300	
	149.3	240	97.16	0	300	300	
	152.5	240	95.52	0	300	300	
	154	240	98.18	0	300	300	
	153.6	240	96.16	0	300	300	
	152	240	93.72	0	300	300	
	156.5	240	90.5	0	300	300	
	156.5	240	87.9	0	300	300	
	159.7	240	90.34	0	300	300	
	153.5	240	78.58	0	300	300	
	155.4	240	78	0	300	300	
	143.8	240	68.02	0	300	300	
	148	240	64.78	0	300	300	
	143.9	240	67.32	0	300	300	
	148.6	240	67.54	0	300	300	
	155.5	240	70.72	0	300	300	
	164.2	240	77.92	0	300	300	
	173.4	240	85.5	0	300	300	
	178.8	255	63	0	300	300	
	189.3	255	68.1	0	300	300	
	194.9	255	64.68	0	300	300	
	195.5	255	58.56	0	300	300	
	193.7	255	54.36	0	300	300	
	194.3	255	51.14	0	300	300	
	195	255	44.58	0	300	300	
	200.2	255	44.02	0	300	300	
	199.1	255	42.58	0	300	300	
	198.1	255	42.1	0	300	300	
	198.7	265	45.12	0	300	300	
	195.4	265	45.62	0	300	300	
	196.1	265	42.7	0	300	300	
	195.5	265	49.64	0	300	300	
	200.6	265	57.76	0	300	300	
	203.7	265	60.62	0	300	300	
	210.9	265	66.62	0	300	300	
	210.3	265	60.28	0	300	300	
	214.9	265	59.54	0	300	300	
	218.6	265	62.68	0	300	300	
	219	265	60.4	0	300	300	
	219.4	265	57.64	0	300	300	
	217.5	265	48.22	0	300	300	
	218.3	265	42.28	0	300	300	
	219.3	265	43.6	0	300	300	
	219.3	265	43.6	0	300	300	
	219.6	265	45.56	0	300	300	
	219.8	265	45.72	0	300	300	
	219.2	265	43.18	0	300	300	
	219.2	265	43.18	0	300	300	
	218.3	265	40.26	0	300	300	
	217.4	265	39.78	0	300	300	
	217.4	265	39.78	0	300	300	
	217.5	265	39.94	0	300	300	
	216.5	265	39.46	0	300	300	
	216.5	265	39.46	0	300	300	
	215.6	265	39.3	0	300	300	
	213.4	265	38.34	0	300	300	
	212.3	265	37.86	0	300	300	
	212.2	265	37.7	0	300	300	
	211.4	265	39.02	0	300	300	
	211.4	265	39.02	0	300	300	
	210.5	265	38.7	0	300	300	
	208.4	265	37.9	0	300	300	
	208.2	265	37.58	0	300	300	
	208.2	265	37.42	0	300	300	
	208.2	265	37.42	0	300	300	
	206.1	265	36.46	0	300	300	
	204.5	265	35.5	0	300	300	
	204.6	265	35.5	0	300	300	
	203.6	265	35.02	0	300	300	
	203.9	265	36.98	0	300	300	
	200.8	265	35.54	0	300	300	

	99.3	195	179.14	90	300	300	
	105.2	195	153.6	45	300	300	
	112.2	195	150.18	45	300	300	
	108.8	195	137.16	45	300	300	
	105.7	195	125.5	45	300	300	
	99.3	195	114.94	45	300	300	
	122	235	125.7	24	300	300	
	123.2	235	123.38	24	300	300	
	126	235	123.86	24	300	300	
	126.8	235	120.22	24	300	300	
	127.7	235	118.1	24	300	300	
	127.7	235	117.78	24	300	300	
	128.8	235	95.92	24	300	300	
	126.4	235	87.74	0	300	300	
	130.3	235	84.42	0	300	300	
	125.2	235	76.96	0	300	300	
	123.4	235	70.18	0	300	300	
	121.6	235	63.94	0	300	300	
	133.3	245	64.18	0	300	300	
	141.4	245	66.98	0	300	300	
	148.5	245	66.5	0	300	300	
	140.3	245	57.04	0	300	300	
	136.6	245	52.68	0	300	300	
	136.2	245	50.56	0	300	300	
	152.2	245	58.4	0	300	300	
	172.1	245	70.2	0	300	300	
	180	245	73.5	0	300	300	
	188	245	76.3	0	300	300	
	194	245	76.76	0	300	300	
	200	250	78.72	0	300	300	
	207.1	250	78.66	0	300	300	
	206.4	250	75.36	0	300	300	
	208.6	250	73.82	0	300	300	
	209.3	255	73.08	0	300	300	
	209.5	255	71.9	0	300	300	
	208.3	255	69.6	0	300	300	
	212.6	255	71.32	0	300	300	
	212	255	67.7	0	300	300	
	208.7	255	63.34	0	300	300	
	211.3	255	67	0	300	300	
	213.6	255	67.36	0	300	300	
	209.3	255	63.92	0	300	300	
	218.9	255	71.2	0	300	300	
	226.9	260	78.04	0	300	300	
	225	260	72.14	0	300	300	
	228	260	76.04	0	300	300	
	227.8	260	72.1	0	300	300	
	230.4	260	73.96	0	300	300	
	230.7	265	66.68	0	300	300	
	230.3	265	64.24	0	300	300	
	230	265	62.12	0	300	300	
	230.6	265	61.54	0	300	300	
	231.5	265	61.34	0	300	300	
	232.8	265	62.66	0	300	300	
	235.8	265	64.9	0	300	300	
	235.9	265	65.54	0	300	300	
	236.6	265	65.1	0	300	300	
	236.3	265	64.2	0	300	300	
	237.1	265	64.48	0	300	300	
	235.5	265	61.66	0	300	300	
	241	265	64.54	0	300	300	
	243	265	66.92	0	300	300	
	243.8	265	64.94	0	300	300	
	244.6	265	65.52	0	300	300	
	245.7	265	66.26	0	300	300	
	246.4	265	68.18	0	300	300	
	245.9	270	65.26	0	300	300	
	242.2	270	58.14	0	300	300	
	240.8	270	55.64	0	300	300	
	240.7	270	55.16	0	300	300	
	240.4	270	54.94	0	300	300	
	238.7	270	51.38	0	300	300	
	234.5	270	45.28	0	300	300	
	232.4	270	41.98	0	300	300	
	231	270	38.74	0	300	300	
	229.6	270	36.88	0	300	300	
	229.2	270	36.3	0	300	300	
	226.4	270	29.86	0	300	300	
	228.2	270	29.34	0	300	300	
	229.2	270	30.88	0	300	300	
	233.1	270	34.22	0	300	300	
	234.8	270	35.7	0	300	300	
	234.9	270	36.02	0	300	300	
	236.9	270	39.04	0	300	300	
	238.7	270	40.58	0	300	300	
	240.6	270	42.96	0	300	300	
	239.9	270	42.26	0	300	300	
	240.2	270	42.46	0	300	300	
	241.2	270	42.72	0	300	300	
	242.1	270	44.2	0	300	300	
	242.5	270	42.46	0	300	300	
	242.5	270	42.46	0	300	300	
	243.2	270	42.78	0	300	300	
	242.6	270	41.62	0	300	300	
	242.8	270	41.94	0	300	300	
	242.5	270	41.94	0	300	300	
	239.8	270	37.44	0	300	300	
	236.7	270	33.98	0	300	300	
	232	270	28.72	0	300	300	
	231.9	270	28.14	0	300	300	
	231.4	270	26.08	0	300	300	

	90.9	195	187.74	90	300	300	
	102.7	195	174.5	90	300	300	
	100.8	195	159.66	32	300	300	
	100.6	195	149.18	32	300	300	
	102.9	195	143.5	32	300	300	
	104.9	195	142.28	32	300	300	
	121.6	245	142.08	32	300	300	
	125.6	245	139.38	32	300	300	
	127.1	245	134.34	32	300	300	
	132.8	245	136.1	32	300	300	
	136.1	245	134.62	32	300	300	
	129.1	245	120.8	32	300	300	
	151.2	250	122.68	32	300	300	
	145.6	250	110.04	0	300	300	
	145.3	250	106.08	0	300	300	
	143.5	250	101.2	0	300	300	
	134.6	250	91.66	0	300	300	
	134.1	250	87.18	0	300	300	
	140.1	250	83.66	0	300	300	
	144.8	250	85.3	0	300	300	
	145.1	260	82.34	0	300	300	
	144.1	260	82.06	0	300	300	
	157.2	265	90.14	0	300	300	
	161.1	265	93.54	0	300	300	
	161.1	270	88.26	0	300	300	
	161	270	85.56	0	300	300	
	158.7	270	83.02	0	300	300	
	158.5	270	82.38	0	300	300	
	164.2	270	86.26	0	300	300	
	165.5	270	87.14	0	300	300	
	172.9	270	89.8	0	300	300	
	173	270	89.28	0	300	300	
	182.5	270	96.06	0	300	300	
	189	270	98.98	0	300	300	
	187.3	270	96.34	0	300	300	
	179.4	270	86.46	0	300	300	
	189.6	270	91.28	0	300	300	
	189	270	89.66	0	300	300	
	188	270	86.84	0	300	300	
	187.3	270	85.04	0	300	300	
	187.8	270	84.3	0	300	300	
	189.5	270	87.22	0	300	300	
	186	270	80.16	0	300	300	
	185.4	270	79.16	0	300	300	
	188.6	270	81.76	0	300	300	
	187.5	270	79.7	0	300	300	
	186	270	76.88	0	300	300	
	187.5	270	77.36	0	300	300	
	193	270	79.5	0	300	300	
	193	270	78.28	0	300	300	
	196.1	275	81.46	0	300	300	
	197	275	82.14	0	300	300	
	197.2	275	81.28	0	300	300	
	196.7	275	81.44	0	300	300	
	206.3	280	91.38	0	300	300	
	205.4	280	90.06	0	300	300	
	200.1	280	81.72	0	300	300	
	198.8	280	79.06	0	300	300	
	194	280	73.54	0	300	300	
	195	300	73.54	0	300	300	
	194	300	72.16	0	300	300	
	203.1	300	82.26	0	300	300	
	200.9	300	78.12	0	300	300	
	201.1	300	78.44	0	300	300	
	205	300	81.26	0	300	300	
	208.2	300	83.86	0	300	300	
	208.4	300	82.54	0	300	300	
	205.4	300	78.34	0	300	300	
	205.7	300	78.6	0	300	300	
	200.3	300	72.9	0	300	300	
	200.7	300	73	0	300	300	
	198.2	300	70.5	0	300	300	
	194.9	300	65.62	0	300	300	
	195.4	300	66.36	0	300	300	
	198.8	300	70.34	0	300	300	
	201.4	300	72.36	0	300	300	
	211.4	300	86.22	0	300	300	
	215	300	87.6	0	300	300	
	210.5	300	77.96	0	300	300	
	211.4	300	78.12	0	300	300	
	217.1	300	83.36	0	300	300	
	217.1	300	83.36	0	300	300	
	215.8	305	82.84	0	300	300	
	215.8	305	82.84	0	300	300	
	211.3	305	75.84	0	300	300	
	211.3	305	75.84	0	300	300	
	211.4	305	76.1	0	300	300	
	212.2	305	75.74	0	300	300	
	213.7	305	78.6	0	300	300	
	209.9	305	73.24	0	300	300	
	205.4	305	66.7	0	300	300	
	204.3	305	65.54	0	300	300	
	220.4	305	83.68	0	300	300	
	221.9	305	82.36	0	300	300	
	222.5	305	82.52	0	300	300	
	223.7	305	83.1	0	300	300	
	223.5	305	81.52	0	300	300	
	222.1	305	79.98	0	300	300	
	223.1	305	80.62	0	300	300	
	223.2	305	81.36	0	300	300	
	221	305	77.54	0	300	300	

