	0.59262	0.164583	300	300	
	0.436264	0.125926	300	300	
	0.34762	0.125926	300	300	
	0.295463	0.122917	300	300	
	0.267102	0.0872685	300	300	
	0.229815	0.0872685	300	300	
	0.229403	0.0872685	300	300	
	0.205685	0.0872685	300	300	
	0.172708	0.0872685	300	300	
	0.137857	0.0280093	300	300	
	0.116208	0.05625	300	300	
	0.102856	0.05625	300	300	
	0.0997083	0.05625	300	300	
	0.0890555	0.05625	300	300	
	0.0663843	0.05625	300	300	
	0.0431574	0.05625	300	300	
	0.0219213	0.05625	300	300	
	0.00286574	0.0625	300	300	
	0.0187407	0.075	300	300	
	0.0363518	0.08125	300	300	
	0.0430695	0.0875	300	300	
	0.050375	0.0875	300	300	
	0.0559398	0.0875	300	300	
	0.0620648	0.1125	300	300	
	0.0698472	0.1125	300	300	
	0.0729074	0.1125	300	300	
	0.0762824	0.1125	300	300	
	0.0786574	0.1125	300	300	
	0.0806574	0.1125	300	300	
	0.0859074	0.15	300	300	
	0.0909399	0.15	300	300	
	0.0928797	0.15	300	300	
	0.0955649	0.15	300	300	
	0.0979398	0.15	300	300	
	0.100815	0.15	300	300	
	0.10244	0.15	300	300	
	0.105565	0.15	300	300	
	0.107505	0.15625	300	300	
	0.108819	0.15625	300	300	
	0.110819	0.15625	300	300	
	0.112319	0.15625	300	300	
	0.114634	0.15625	300	300	
	0.119204	0.15625	300	300	
	0.121079	0.15625	300	300	
	0.122394	0.15625	300	300	
	0.124833	0.16875	300	300	
	0.124833	0.16875	300	300	
	0.127523	0.16875	300	300	
	0.134491	0.175	300	300	
	0.137824	0.175	300	300	
	0.139824	0.175	300	300	
	0.141759	0.175	300	300	
	0.142884	0.175	300	300	
	0.143509	0.175	300	300	
	0.147667	0.18125	300	300	
	0.14994	0.18125	300	300	
	0.152097	0.18125	300	300	
	0.155472	0.19375	300	300	
	0.160065	0.2125	300	300	
	0.164815	0.2125	300	300	
	0.17519	0.2125	300	300	
	0.17819	0.2125	300	300	
	0.179875	0.2125	300	300	
	0.183	0.2125	300	300	
	0.18625	0.2125	300	300	
	0.189625	0.2125	300	300	
	0.195375	0.21875	300	300	
	0.199375	0.225	300	300	
	0.203	0.225	300	300	
	0.206125	0.225	300	300	
	0.208625	0.225	300	300	
	0.211	0.2375	300	300	
	0.2145	0.2375	300	300	
	0.217125	0.2375	300	300	
	0.21825	0.2375	300	300	
	0.2205	0.2375	300	300	
	0.2225	0.2375	300	300	
	0.223875	0.2375	300	300	
	0.225875	0.2375	300	300	
	0.227	0.2375	300	300	
	0.227875	0.2375	300	300	
	0.231	0.25625	300	300	
	0.23375	0.25625	300	300	
	0.239125	0.26875	300	300	
	0.247	0.28125	300	300	
	0.2545	0.28125	300	300	
	0.258125	0.28125	300	300	
	0.263	0.28125	300	300	
	0.26575	0.28125	300	300	
	0.2675	0.28125	300	300	
	0.270875	0.28125	300	300	
	0.274125	0.2875	300	300	
	0.276125	0.2875	300	300	
	0.277375	0.2875	300	300	
	0.277625	0.2875	300	300	
	0.278125	0.2875	300	300	
	0.278375	0.2875	300	300	
	0.278875	0.2875	300	300	
	0.279875	0.2875	300	300	
	0.280625	0.2875	300	300	
	0.282	0.2875	300	300	

	0.562893	0.0979167	300	300	
	0.407208	0.0979167	300	300	
	0.322509	0.0979167	300	300	
	0.285796	0.0935185	300	300	
	0.244565	0.0652778	300	300	
	0.201287	0.0263889	300	300	
	0.187185	0.0229167	300	300	
	0.167523	0.0229167	300	300	
	0.14494	0.00925926	300	300	
	0.127097	0.00925926	300	300	
	0.103023	0.025	300	300	
	0.0912778	0.025	300	300	
	0.0814074	0.025	300	300	
	0.0661759	0.0375	300	300	
	0.0482778	0.0375	300	300	
	0.0289676	0.0375	300	300	
	0.00655555	0.0375	300	300	
	0.0129074	0.0375	300	300	
	0.0152593	0.0407407	300	300	
	0.0238704	0.0407407	300	300	
	0.0273148	0.04375	300	300	
	0.0291898	0.0625	300	300	
	0.0296898	0.0625	300	300	
	0.0304398	0.0625	300	300	
	0.0315046	0.0625	300	300	
	0.0336296	0.0625	300	300	
	0.0350046	0.0625	300	300	
	0.0355046	0.0625	300	300	
	0.0367546	0.0625	300	300	
	0.0368796	0.0625	300	300	
	0.0371944	0.0625	300	300	
	0.0396945	0.0625	300	300	
	0.0418195	0.0625	300	300	
	0.0443195	0.0625	300	300	
	0.0464445	0.0625	300	300	
	0.0498796	0.06875	300	300	
	0.0506296	0.06875	300	300	
	0.0539444	0.0782407	300	300	
	0.0578796	0.0844907	300	300	
	0.0611296	0.0844907	300	300	
	0.0632547	0.0844907	300	300	
	0.0673843	0.0969907	300	300	
	0.0709537	0.115741	300	300	
	0.0728935	0.115741	300	300	
	0.0753935	0.115741	300	300	
	0.0769583	0.115741	300	300	
	0.0784583	0.115741	300	300	
	0.0812084	0.115741	300	300	
	0.086037	0.115741	300	300	
	0.0911666	0.1625	300	300	
	0.0917916	0.1625	300	300	
	0.0967685	0.1625	300	300	
	0.100588	0.1625	300	300	
	0.106167	0.1625	300	300	
	0.119157	0.16875	300	300	
	0.127079	0.18125	300	300	
	0.136769	0.1875	300	300	
	0.149134	0.1875	300	300	
	0.161282	0.1875	300	300	
	0.167875	0.2	300	300	
	0.176375	0.20625	300	300	
	0.180875	0.20625	300	300	
	0.186375	0.225	300	300	
	0.190125	0.225	300	300	
	0.194	0.23125	300	300	
	0.199875	0.2375	300	300	
	0.207125	0.2375	300	300	
	0.2125	0.2375	300	300	
	0.21775	0.2375	300	300	
	0.2215	0.24375	300	300	
	0.225125	0.24375	300	300	
	0.227875	0.24375	300	300	
	0.231375	0.24375	300	300	
	0.23325	0.24375	300	300	
	0.234875	0.24375	300	300	
	0.235375	0.24375	300	300	
	0.236125	0.24375	300	300	
	0.237375	0.24375	300	300	
	0.23825	0.24375	300	300	
	0.2385	0.25	300	300	
	0.238625	0.25	300	300	
	0.23925	0.25	300	300	
	0.239375	0.25	300	300	
	0.239875	0.25	300	300	
	0.24075	0.25	300	300	
	0.241375	0.25	300	300	
	0.24175	0.25	300	300	
	0.242125	0.25	300	300	
	0.24275	0.25	300	300	
	0.243375	0.25	300	300	
	0.24525	0.25	300	300	
	0.246	0.25	300	300	
	0.24675	0.25	300	300	
	0.247375	0.25	300	300	
	0.248	0.25	300	300	
	0.248875	0.25	300	300	
	0.25	0.25	300	300	
	0.25	0.25	300	300	
	0.25	0.25	300	300	
	0.25	0.25	300	300	
	0.25	0.25	300	300	

	0.571894	0.163426	300	300	
	0.416796	0.104167	300	300	
	0.327236	0.104167	300	300	
	0.285926	0.0979167	300	300	
	0.250144	0.0979167	300	300	
	0.225773	0.0979167	300	300	
	0.195435	0.0166667	300	300	
	0.170329	0.0166667	300	300	
	0.143088	0.0166667	300	300	
	0.127875	0.0166667	300	300	
	0.121134	0.0166667	300	300	
	0.114546	0.0166667	300	300	
	0.0936898	0.0333333	300	300	
	0.0909769	0.0333333	300	300	
	0.0821991	0.0333333	300	300	
	0.0778704	0.0333333	300	300	
	0.0704167	0.0333333	300	300	
	0.0681435	0.0333333	300	300	
	0.0391343	0.0520833	300	300	
	0.030875	0.0520833	300	300	
	0.019125	0.0520833	300	300	
	0.009875	0.0583333	300	300	
	0.00431482	0.0583333	300	300	
	0.00227315	0.0583333	300	300	
	0.011088	0.0583333	300	300	
	0.014713	0.0583333	300	300	
	0.0255324	0.0645833	300	300	
	0.0347778	0.0645833	300	300	
	0.0423333	0.0645833	300	300	
	0.0480833	0.0645833	300	300	
	0.0540833	0.0708333	300	300	
	0.0588333	0.0833333	300	300	
	0.0620833	0.0833333	300	300	
	0.0653333	0.0833333	300	300	
	0.0704583	0.0895833	300	300	
	0.0739583	0.0895833	300	300	
	0.0817083	0.108333	300	300	
	0.0854583	0.108333	300	300	
	0.0893333	0.108333	300	300	
	0.0919584	0.108333	300	300	
	0.0959583	0.120833	300	300	
	0.0999583	0.120833	300	300	
	0.105208	0.120833	300	300	
	0.108458	0.127083	300	300	
	0.111208	0.133333	300	300	
	0.114583	0.133333	300	300	
	0.117458	0.139583	300	300	
	0.120208	0.139583	300	300	
	0.124708	0.139583	300	300	
	0.126958	0.139583	300	300	
	0.128708	0.139583	300	300	
	0.129833	0.139583	300	300	
	0.130208	0.139583	300	300	
	0.131958	0.139583	300	300	
	0.134958	0.139583	300	300	
	0.136083	0.139583	300	300	
	0.137083	0.139583	300	300	
	0.138333	0.139583	300	300	
	0.139583	0.139583	300	300	
	0.139583	0.139583	300	300	
	0.139583	0.139583	300	300	
	0.139583	0.139583	300	300	
	0.139583	0.139583	300	300	
	0.139583	0.139583	300	300	
	0.139583	0.139583	300	300	
	0.139583	0.139583	300	300	
	0.139583	0.139583	300	300	
	0.139583	0.139583	300	300	
	0.139583	0.139583	300	300	
	0.139583	0.139583	300	300	
	0.139583	0.139583	300	300	
	0.139583	0.139583	300	300	
	0.139583	0.139583	300	300	
	0.139583	0.139583	300	300	
	0.139583	0.139583	300	300	
	0.139583	0.139583	300	300	
	0.139583	0.139583	300	300	
	0.139583	0.139583	300	300	
	0.139583	0.139583	300	300	
	0.139583	0.139583	300	300	
	0.139583	0.139583	300	300	
	0.139583	0.139583	300	300	
	0.139583	0.139583	300	300	
	0.139583	0.139583	300	300	
	0.139583	0.139583	300	300	
	0.139708	0.145833	300	300	
	0.139708	0.145833	300	300	
	0.139833	0.145833	300	300	
	0.140083	0.145833	300	300	
	0.140208	0.145833	300	300	
	0.140458	0.145833	300	300	
	0.140583	0.145833	300	300	
	0.140708	0.145833	300	300	
	0.141083	0.145833	300	300	
	0.141458	0.145833	300	300	
	0.142083	0.145833	300	300	
	0.143208	0.145833	300	300	
	0.144583	0.145833	300	300	
	0.145708	0.145833	300	300	
	0.145958	0.152083	300	300	
	0.145958	0.152083	300	300	


	0.544269	0.0435185	300	300	
	0.436	0.0435185	300	300	
	0.337926	0.0435185	300	300	
	0.273468	0.00949074	300	300	
	0.219213	0.00949074	300	300	
	0.183704	0.00949074	300	300	
	0.161028	0.00949074	300	300	
	0.144097	0.00949074	300	300	
	0.115417	0.00949074	300	300	
	0.0894861	0.0157407	300	300	
	0.0813287	0.0157407	300	300	
	0.0740139	0.0157407	300	300	
	0.0633611	0.0407407	300	300	
	0.0511065	0.0407407	300	300	
	0.0310231	0.05625	300	300	
	0.0153657	0.05625	300	300	
	0.0065787	0.05625	300	300	
	0.000157407	0.05625	300	300	
	0.006125	0.05625	300	300	
	0.0109352	0.0625	300	300	
	0.0141759	0.0625	300	300	
	0.0205139	0.06875	300	300	
	0.0245694	0.06875	300	300	
	0.0283148	0.075	300	300	
	0.0330648	0.075	300	300	
	0.0371204	0.08125	300	300	
	0.0397407	0.08125	300	300	
	0.0439167	0.08125	300	300	
	0.0474028	0.08125	300	300	
	0.051662	0.0875	300	300	
	0.0529722	0.09375	300	300	
	0.0570139	0.09375	300	300	
	0.0599398	0.09375	300	300	
	0.0619399	0.09375	300	300	
	0.0623148	0.09375	300	300	
	0.0631899	0.09375	300	300	
	0.0655648	0.10625	300	300	
	0.0671898	0.10625	300	300	
	0.0695046	0.10625	300	300	
	0.0726945	0.10625	300	300	
	0.0735694	0.10625	300	300	
	0.0749444	0.10625	300	300	
	0.0813194	0.1125	300	300	
	0.0865648	0.11875	300	300	
	0.0889398	0.11875	300	300	
	0.09375	0.11875	300	300	
	0.098125	0.13125	300	300	
	0.102375	0.13125	300	300	
	0.107375	0.13125	300	300	
	0.109875	0.1375	300	300	
	0.113375	0.15	300	300	
	0.115125	0.15	300	300	
	0.1185	0.15	300	300	
	0.120875	0.15	300	300	
	0.12575	0.15625	300	300	
	0.1285	0.15625	300	300	
	0.132	0.15625	300	300	
	0.13525	0.15625	300	300	
	0.138	0.15625	300	300	
	0.139375	0.15625	300	300	
	0.14275	0.15625	300	300	
	0.146375	0.15625	300	300	
	0.151125	0.1625	300	300	
	0.152125	0.1625	300	300	
	0.15425	0.16875	300	300	
	0.15575	0.16875	300	300	
	0.1585	0.175	300	300	
	0.159125	0.175	300	300	
	0.16025	0.175	300	300	
	0.1615	0.175	300	300	
	0.163625	0.175	300	300	
	0.165125	0.175	300	300	
	0.167625	0.18125	300	300	
	0.16875	0.18125	300	300	
	0.17225	0.1875	300	300	
	0.173125	0.1875	300	300	
	0.1765	0.1875	300	300	
	0.177875	0.1875	300	300	
	0.178875	0.1875	300	300	
	0.179625	0.1875	300	300	
	0.18325	0.19375	300	300	
	0.183875	0.19375	300	300	
	0.185375	0.19375	300	300	
	0.18575	0.19375	300	300	
	0.187	0.19375	300	300	
	0.187125	0.19375	300	300	
	0.188875	0.19375	300	300	
	0.188875	0.19375	300	300	
	0.18975	0.19375	300	300	
	0.18975	0.19375	300	300	
	0.19	0.19375	300	300	
	0.19	0.19375	300	300	
	0.19075	0.19375	300	300	
	0.19075	0.19375	300	300	
	0.192125	0.19375	300	300	
	0.192125	0.19375	300	300	
	0.1925	0.19375	300	300	
	0.1925	0.19375	300	300	
	0.193125	0.19375	300	300	
	0.193125	0.19375	300	300	
	0.19375	0.19375	300	300	

	0.58075	0.234954	300	300	
	0.438097	0.210185	300	300	
	0.364472	0.210185	300	300	
	0.334306	0.169676	300	300	
	0.299343	0.104167	300	300	
	0.283745	0.104167	300	300	
	0.259134	0.0789352	300	300	
	0.231898	0.0789352	300	300	
	0.217884	0.0685185	300	300	
	0.198375	0.0310185	300	300	
	0.182644	0.0310185	300	300	
	0.14775	0.0310185	300	300	
	0.138185	0.0310185	300	300	
	0.118125	0.0155093	300	300	
	0.104569	0.0189815	300	300	
	0.0885741	0.03125	300	300	
	0.072	0.03125	300	300	
	0.0534167	0.0375	300	300	
	0.0463194	0.0375	300	300	
	0.0268102	0.0375	300	300	
	0.0106667	0.0375	300	300	
	0.00958333	0.0375	300	300	
	0.0251944	0.100231	300	300	
	0.03025	0.100231	300	300	
	0.03025	0.100231	300	300	
	0.0330509	0.100231	300	300	
	0.0345417	0.100231	300	300	
	0.0350417	0.100231	300	300	
	0.0359167	0.100231	300	300	
	0.0370417	0.100231	300	300	
	0.0387963	0.118981	300	300	
	0.0409213	0.118981	300	300	
	0.0427037	0.118981	300	300	
	0.0448287	0.118981	300	300	
	0.0452037	0.118981	300	300	
	0.0458287	0.118981	300	300	
	0.0458287	0.118981	300	300	
	0.0460787	0.118981	300	300	
	0.0462037	0.118981	300	300	
	0.0470787	0.118981	300	300	
	0.0487083	0.118981	300	300	
	0.0504907	0.118981	300	300	
	0.05425	0.150231	300	300	
	0.0560926	0.150231	300	300	
	0.057375	0.150231	300	300	
	0.058125	0.150231	300	300	
	0.060375	0.150231	300	300	
	0.0615555	0.150231	300	300	
	0.0655324	0.150231	300	300	
	0.0666574	0.150231	300	300	
	0.0687824	0.150231	300	300	
	0.0710324	0.150231	300	300	
	0.0720324	0.150231	300	300	
	0.0734074	0.150231	300	300	
	0.0769167	0.150231	300	300	
	0.078037	0.150231	300	300	
	0.0806666	0.150231	300	300	
	0.0815416	0.150231	300	300	
	0.0844259	0.150231	300	300	
	0.0880556	0.150231	300	300	
	0.0986574	0.156481	300	300	
	0.104046	0.162731	300	300	
	0.10806	0.168981	300	300	
	0.111949	0.168981	300	300	
	0.118093	0.168981	300	300	
	0.127185	0.168981	300	300	
	0.148606	0.168981	300	300	
	0.155106	0.168981	300	300	
	0.158731	0.181481	300	300	
	0.160606	0.181481	300	300	
	0.161856	0.187731	300	300	
	0.163481	0.187731	300	300	
	0.165232	0.187731	300	300	
	0.166232	0.187731	300	300	
	0.167107	0.187731	300	300	
	0.168482	0.187731	300	300	
	0.168732	0.187731	300	300	
	0.169357	0.187731	300	300	
	0.170732	0.187731	300	300	
	0.171732	0.187731	300	300	
	0.173106	0.187731	300	300	
	0.174857	0.187731	300	300	
	0.176357	0.200231	300	300	
	0.177107	0.200231	300	300	
	0.178981	0.200231	300	300	
	0.180607	0.200231	300	300	
	0.181857	0.200231	300	300	
	0.182357	0.200231	300	300	
	0.182857	0.200231	300	300	
	0.183856	0.200231	300	300	
	0.184481	0.200231	300	300	
	0.184856	0.200231	300	300	
	0.185106	0.200231	300	300	
	0.185981	0.200231	300	300	
	0.186981	0.200231	300	300	
	0.187481	0.200231	300	300	
	0.187856	0.200231	300	300	
	0.189106	0.200231	300	300	
	0.189981	0.200231	300	300	
	0.190731	0.200231	300	300	
	0.191231	0.200231	300	300	

	0.549301	0.0715278	300	300	
	0.401718	0.0715278	300	300	
	0.319958	0.0715278	300	300	
	0.303815	0.0715278	300	300	
	0.27631	0.0715278	300	300	
	0.23944	0.0685185	300	300	
	0.218523	0.0685185	300	300	
	0.195574	0.0685185	300	300	
	0.166977	0.0402778	300	300	
	0.147648	0.0402778	300	300	
	0.127384	0.03125	300	300	
	0.108407	0.0375	300	300	
	0.105556	0.0375	300	300	
	0.0881296	0.04375	300	300	
	0.0750972	0.04375	300	300	
	0.0502639	0.0875	300	300	
	0.0355185	0.0875	300	300	
	0.0120139	0.0875	300	300	
	0.00763889	0.0875	300	300	
	0.0147407	0.0875	300	300	
	0.0266481	0.0875	300	300	
	0.0316944	0.0875	300	300	
	0.0345648	0.0875	300	300	
	0.0373148	0.0875	300	300	
	0.0373148	0.0875	300	300	
	0.0393148	0.0875	300	300	
	0.0404398	0.0875	300	300	
	0.0435648	0.0875	300	300	
	0.0439398	0.0875	300	300	
	0.0455648	0.0875	300	300	
	0.0455648	0.0875	300	300	
	0.0463148	0.0875	300	300	
	0.0488148	0.0875	300	300	
	0.0491898	0.0875	300	300	
	0.0494398	0.0875	300	300	
	0.0505648	0.0875	300	300	
	0.0505648	0.0875	300	300	
	0.0518148	0.0875	300	300	
	0.0520648	0.0875	300	300	
	0.0534398	0.0875	300	300	
	0.0535648	0.0875	300	300	
	0.0558148	0.0875	300	300	
	0.0558148	0.0875	300	300	
	0.0584398	0.0875	300	300	
	0.0595648	0.0875	300	300	
	0.0613148	0.0875	300	300	
	0.0625648	0.1	300	300	
	0.0629398	0.1	300	300	
	0.0634398	0.1	300	300	
	0.0643148	0.1	300	300	
	0.0664398	0.1	300	300	
	0.0695648	0.1	300	300	
	0.0703148	0.1	300	300	
	0.0725648	0.1	300	300	
	0.0761898	0.1375	300	300	
	0.0794398	0.1375	300	300	
	0.0835	0.1375	300	300	
	0.08675	0.1375	300	300	
	0.0925325	0.1375	300	300	
	0.0963149	0.1375	300	300	
	0.108347	0.1625	300	300	
	0.120005	0.1625	300	300	
	0.137037	0.16875	300	300	
	0.149	0.175	300	300	
	0.156125	0.19375	300	300	
	0.16275	0.2	300	300	
	0.169875	0.2	300	300	
	0.174	0.2	300	300	
	0.18	0.21875	300	300	
	0.185375	0.21875	300	300	
	0.192	0.21875	300	300	
	0.197	0.21875	300	300	
	0.203375	0.21875	300	300	
	0.207125	0.21875	300	300	
	0.209875	0.21875	300	300	
	0.212	0.225	300	300	
	0.214	0.23125	300	300	
	0.215875	0.23125	300	300	
	0.21925	0.23125	300	300	
	0.220375	0.23125	300	300	
	0.2215	0.23125	300	300	
	0.22275	0.23125	300	300	
	0.223625	0.23125	300	300	
	0.22475	0.23125	300	300	
	0.226625	0.2375	300	300	
	0.22725	0.2375	300	300	
	0.227875	0.2375	300	300	
	0.228375	0.2375	300	300	
	0.228875	0.2375	300	300	
	0.23075	0.2375	300	300	
	0.232625	0.2375	300	300	
	0.232875	0.2375	300	300	
	0.232875	0.2375	300	300	
	0.23325	0.2375	300	300	
	0.23325	0.2375	300	300	
	0.234	0.2375	300	300	
	0.2355	0.24375	300	300	
	0.23625	0.24375	300	300	
	0.237375	0.24375	300	300	
	0.237625	0.24375	300	300	
	0.237625	0.24375	300	300	


	0.522143	0.138426	300	300	
	0.372148	0.138426	300	300	
	0.305356	0.00324074	300	300	
	0.265884	0.0877315	300	300	
	0.230958	0.0877315	300	300	
	0.205444	0.0877315	300	300	
	0.174657	0.0877315	300	300	
	0.157157	0.0877315	300	300	
	0.149005	0.0877315	300	300	
	0.132491	0.0877315	300	300	
	0.120861	0.0877315	300	300	
	0.111685	0.0877315	300	300	
	0.0982547	0.0877315	300	300	
	0.0946018	0.0877315	300	300	
	0.0907037	0.0877315	300	300	
	0.0819445	0.0877315	300	300	
	0.0761389	0.0877315	300	300	
	0.0689722	0.0877315	300	300	
	0.047662	0.0909722	300	300	
	0.0420602	0.0909722	300	300	
	0.038912	0.0909722	300	300	
	0.0309583	0.0909722	300	300	
	0.0276204	0.0909722	300	300	
	0.0154537	0.131481	300	300	
	0.0107315	0.150231	300	300	
	0.0208889	0.150231	300	300	
	0.0237222	0.150231	300	300	
	0.0279954	0.150231	300	300	
	0.0315833	0.150231	300	300	
	0.036713	0.150231	300	300	
	0.0509676	0.156481	300	300	
	0.0555509	0.156481	300	300	
	0.0597083	0.156481	300	300	
	0.0668611	0.156481	300	300	
	0.0711944	0.156481	300	300	
	0.0816435	0.156481	300	300	
	0.0991435	0.168981	300	300	
	0.107546	0.175231	300	300	
	0.119468	0.175231	300	300	
	0.130796	0.175231	300	300	
	0.141148	0.175231	300	300	
	0.146426	0.175231	300	300	
	0.154231	0.175231	300	300	
	0.155106	0.175231	300	300	
	0.156231	0.175231	300	300	
	0.157106	0.175231	300	300	
	0.159231	0.175231	300	300	
	0.160731	0.175231	300	300	
	0.163731	0.175231	300	300	
	0.164732	0.175231	300	300	
	0.166857	0.175231	300	300	
	0.167357	0.175231	300	300	
	0.169107	0.181481	300	300	
	0.170606	0.181481	300	300	
	0.172231	0.181481	300	300	
	0.173232	0.181481	300	300	
	0.174231	0.187731	300	300	
	0.175981	0.187731	300	300	
	0.176982	0.187731	300	300	
	0.177732	0.187731	300	300	
	0.178732	0.187731	300	300	
	0.180357	0.187731	300	300	
	0.182107	0.193981	300	300	
	0.183356	0.193981	300	300	
	0.184106	0.193981	300	300	
	0.184606	0.193981	300	300	
	0.186231	0.200231	300	300	
	0.186856	0.200231	300	300	
	0.188356	0.200231	300	300	
	0.189231	0.200231	300	300	
	0.189981	0.200231	300	300	
	0.190606	0.200231	300	300	
	0.192106	0.200231	300	300	
	0.193857	0.200231	300	300	
	0.195106	0.200231	300	300	
	0.195731	0.206481	300	300	
	0.195981	0.206481	300	300	
	0.196356	0.206481	300	300	
	0.197856	0.206481	300	300	
	0.198481	0.206481	300	300	
	0.199606	0.206481	300	300	
	0.201232	0.206481	300	300	
	0.201357	0.206481	300	300	
	0.201357	0.206481	300	300	
	0.201482	0.206481	300	300	
	0.201857	0.212731	300	300	
	0.201857	0.212731	300	300	
	0.202232	0.212731	300	300	
	0.202606	0.212731	300	300	
	0.203107	0.212731	300	300	
	0.204232	0.218981	300	300	
	0.204732	0.218981	300	300	
	0.205731	0.218981	300	300	
	0.206357	0.218981	300	300	
	0.207232	0.218981	300	300	
	0.207482	0.218981	300	300	
	0.207982	0.218981	300	300	
	0.208357	0.218981	300	300	
	0.208607	0.218981	300	300	
	0.208982	0.218981	300	300	
	0.209232	0.218981	300	300	

	0.583727	0.183333	300	300	
	0.445213	0.157176	300	300	
	0.392676	0.157176	300	300	
	0.356241	0.157176	300	300	
	0.330435	0.157176	300	300	
	0.291472	0.124537	300	300	
	0.254324	0.110185	300	300	
	0.228458	0.0854167	300	300	
	0.207801	0.0747685	300	300	
	0.189755	0.0747685	300	300	
	0.158259	0.0155093	300	300	
	0.132644	0.04375	300	300	
	0.11481	0.04375	300	300	
	0.100319	0.04375	300	300	
	0.0885509	0.04375	300	300	
	0.0699306	0.05	300	300	
	0.0549907	0.05	300	300	
	0.0295139	0.05	300	300	
	0.0279259	0.05	300	300	
	0.00511574	0.05625	300	300	
	0.0124769	0.05625	300	300	
	0.0275324	0.05625	300	300	
	0.0425	0.0875	300	300	
	0.045625	0.0875	300	300	
	0.047875	0.09375	300	300	
	0.050625	0.09375	300	300	
	0.052125	0.09375	300	300	
	0.0535	0.09375	300	300	
	0.058625	0.1125	300	300	
	0.061375	0.1125	300	300	
	0.0635	0.1125	300	300	
	0.06875	0.1125	300	300	
	0.0755	0.1125	300	300	
	0.08	0.1125	300	300	
	0.0840324	0.1125	300	300	
	0.0907824	0.11875	300	300	
	0.0966621	0.11875	300	300	
	0.100537	0.11875	300	300	
	0.10363	0.11875	300	300	
	0.105755	0.11875	300	300	
	0.109005	0.125	300	300	
	0.111	0.125	300	300	
	0.114375	0.125	300	300	
	0.116375	0.125	300	300	
	0.11775	0.125	300	300	
	0.11875	0.125	300	300	
	0.120875	0.13125	300	300	
	0.12225	0.14375	300	300	
	0.124125	0.14375	300	300	
	0.12625	0.14375	300	300	
	0.12825	0.14375	300	300	
	0.1295	0.15625	300	300	
	0.13025	0.15625	300	300	
	0.131125	0.15625	300	300	
	0.13575	0.15625	300	300	
	0.138	0.15625	300	300	
	0.14125	0.15625	300	300	
	0.142625	0.15625	300	300	
	0.144125	0.15625	300	300	
	0.145875	0.15625	300	300	
	0.148	0.15625	300	300	
	0.149375	0.1625	300	300	
	0.150625	0.1625	300	300	
	0.1515	0.1625	300	300	
	0.152375	0.16875	300	300	
	0.15275	0.16875	300	300	
	0.154875	0.175	300	300	
	0.15525	0.175	300	300	
	0.15675	0.175	300	300	
	0.158375	0.2	300	300	
	0.160375	0.2125	300	300	
	0.162	0.2125	300	300	
	0.166875	0.2125	300	300	
	0.16925	0.2125	300	300	
	0.1735	0.2125	300	300	
	0.179375	0.2125	300	300	
	0.183532	0.2125	300	300	
	0.190407	0.21875	300	300	
	0.19575	0.21875	300	300	
	0.201875	0.21875	300	300	
	0.204625	0.21875	300	300	
	0.208625	0.21875	300	300	
	0.209	0.21875	300	300	
	0.211125	0.21875	300	300	
	0.212625	0.21875	300	300	
	0.215125	0.21875	300	300	
	0.21625	0.21875	300	300	
	0.2175	0.21875	300	300	
	0.218625	0.225	300	300	
	0.219375	0.225	300	300	
	0.219625	0.225	300	300	
	0.22	0.225	300	300	
	0.220375	0.225	300	300	
	0.220625	0.225	300	300	
	0.221125	0.225	300	300	
	0.2225	0.225	300	300	
	0.223875	0.225	300	300	
	0.225	0.225	300	300	
	0.225	0.225	300	300	
	0.225	0.225	300	300	
	0.225	0.225	300	300	

	0.582204	0.228935	300	300	
	0.43569	0.228935	300	300	
	0.365963	0.108796	300	300	
	0.305107	0.108796	300	300	
	0.264037	0.108796	300	300	
	0.238926	0.108796	300	300	
	0.207588	0.0416667	300	300	
	0.192583	0.0416667	300	300	
	0.167185	0.0416667	300	300	
	0.149824	0.0416667	300	300	
	0.13056	0.025	300	300	
	0.112644	0.025	300	300	
	0.0935417	0.025	300	300	
	0.0788148	0.025	300	300	
	0.0687222	0.025	300	300	
	0.0542685	0.03125	300	300	
	0.0391759	0.04375	300	300	
	0.0203843	0.04375	300	300	
	0.00736574	0.04375	300	300	
	0.00301389	0.04375	300	300	
	0.0144259	0.1125	300	300	
	0.0292917	0.1125	300	300	
	0.0376389	0.13125	300	300	
	0.0414491	0.13125	300	300	
	0.0467732	0.14375	300	300	
	0.0538981	0.14375	300	300	
	0.0575185	0.14375	300	300	
	0.0605231	0.14375	300	300	
	0.0645232	0.14375	300	300	
	0.0672176	0.14375	300	300	
	0.0799167	0.14375	300	300	
	0.0847361	0.14375	300	300	
	0.0891064	0.14375	300	300	
	0.0950231	0.14375	300	300	
	0.100773	0.14375	300	300	
	0.110255	0.15	300	300	
	0.1255	0.15	300	300	
	0.127375	0.15	300	300	
	0.128375	0.15	300	300	
	0.13	0.15	300	300	
	0.131375	0.15	300	300	
	0.13275	0.15	300	300	
	0.138125	0.1625	300	300	
	0.14125	0.19375	300	300	
	0.14375	0.19375	300	300	
	0.146375	0.2	300	300	
	0.14725	0.2	300	300	
	0.14875	0.2	300	300	
	0.15625	0.2	300	300	
	0.159	0.20625	300	300	
	0.163625	0.20625	300	300	
	0.167	0.20625	300	300	
	0.172375	0.20625	300	300	
	0.176375	0.21875	300	300	
	0.191375	0.225	300	300	
	0.201125	0.225	300	300	
	0.208625	0.225	300	300	
	0.2155	0.23125	300	300	
	0.219625	0.23125	300	300	
	0.22425	0.2375	300	300	
	0.227125	0.25	300	300	
	0.228625	0.25	300	300	
	0.231625	0.25	300	300	
	0.234	0.25	300	300	
	0.235625	0.25	300	300	
	0.23775	0.25	300	300	
	0.239875	0.25	300	300	
	0.241125	0.25	300	300	
	0.2415	0.25	300	300	
	0.2425	0.25	300	300	
	0.244125	0.25	300	300	
	0.24575	0.25	300	300	
	0.24625	0.25	300	300	
	0.2465	0.25	300	300	
	0.246625	0.25	300	300	
	0.246875	0.25	300	300	
	0.247125	0.25	300	300	
	0.247375	0.25	300	300	
	0.24775	0.25	300	300	
	0.24825	0.25	300	300	
	0.2485	0.25	300	300	
	0.2495	0.25625	300	300	
	0.25	0.25625	300	300	
	0.25025	0.25625	300	300	
	0.25025	0.25625	300	300	
	0.25025	0.25625	300	300	
	0.25025	0.25625	300	300	
	0.25025	0.25625	300	300	
	0.25025	0.25625	300	300	
	0.25025	0.25625	300	300	
	0.25025	0.25625	300	300	
	0.25025	0.25625	300	300	
	0.25025	0.25625	300	300	
	0.25025	0.25625	300	300	
	0.25025	0.25625	300	300	
	0.25025	0.25625	300	300	
	0.25025	0.25625	300	300	
	0.25025	0.25625	300	300	
	0.25025	0.25625	300	300	
	0.25025	0.25625	300	300	
	0.250375	0.25625	300	300	

	0.558931	0.110417	300	300	
	0.414713	0.110417	300	300	
	0.316921	0.0560185	300	300	
	0.258662	0.00949074	300	300	
	0.206806	0.00949074	300	300	
	0.176958	0.00949074	300	300	
	0.152819	0.00949074	300	300	
	0.126824	0.00949074	300	300	
	0.103088	0.0375	300	300	
	0.0937407	0.0375	300	300	
	0.0842037	0.0625	300	300	
	0.0833056	0.0625	300	300	
	0.0762732	0.0625	300	300	
	0.0737547	0.0625	300	300	
	0.0694722	0.0625	300	300	
	0.0615972	0.0625	300	300	
	0.0573889	0.0625	300	300	
	0.0462083	0.0625	300	300	
	0.0326759	0.0625	300	300	
	0.0211111	0.0625	300	300	
	0.012412	0.0625	300	300	
	0.00755093	0.0625	300	300	
	0.00172222	0.0625	300	300	
	0.00913426	0.0625	300	300	
	0.0158935	0.0625	300	300	
	0.0187639	0.0625	300	300	
	0.0260833	0.0625	300	300	
	0.0344167	0.0844907	300	300	
	0.0379769	0.0844907	300	300	
	0.040375	0.0844907	300	300	
	0.0452871	0.0844907	300	300	
	0.04975	0.0844907	300	300	
	0.05225	0.0844907	300	300	
	0.053875	0.0844907	300	300	
	0.0579352	0.1375	300	300	
	0.0617407	0.1375	300	300	
	0.067375	0.14375	300	300	
	0.0707547	0.14375	300	300	
	0.075	0.14375	300	300	
	0.0808194	0.14375	300	300	
	0.0841944	0.14375	300	300	
	0.0902037	0.146991	300	300	
	0.122167	0.1875	300	300	
	0.131324	0.1875	300	300	
	0.137005	0.1875	300	300	
	0.14256	0.1875	300	300	
	0.149	0.19375	300	300	
	0.15162	0.19375	300	300	
	0.168407	0.21875	300	300	
	0.174398	0.21875	300	300	
	0.181574	0.21875	300	300	
	0.188444	0.21875	300	300	
	0.19163	0.21875	300	300	
	0.19475	0.21875	300	300	
	0.20325	0.21875	300	300	
	0.205875	0.21875	300	300	
	0.209	0.21875	300	300	
	0.213875	0.225	300	300	
	0.217	0.25	300	300	
	0.219625	0.25	300	300	
	0.225625	0.28125	300	300	
	0.22925	0.28125	300	300	
	0.23475	0.28125	300	300	
	0.238125	0.28125	300	300	
	0.24375	0.28125	300	300	
	0.251125	0.28125	300	300	
	0.25925	0.28125	300	300	
	0.267125	0.28125	300	300	
	0.2725	0.2875	300	300	
	0.2765	0.3	300	300	
	0.278875	0.3	300	300	
	0.281	0.3	300	300	
	0.28325	0.3	300	300	
	0.284875	0.3	300	300	
	0.285875	0.30625	300	300	
	0.286875	0.30625	300	300	
	0.287875	0.30625	300	300	
	0.289875	0.30625	300	300	
	0.2915	0.30625	300	300	
	0.292125	0.30625	300	300	
	0.293625	0.3125	300	300	
	0.294625	0.3125	300	300	
	0.295	0.3125	300	300	
	0.295875	0.3125	300	300	
	0.29675	0.3125	300	300	
	0.297	0.3125	300	300	
	0.29725	0.3125	300	300	
	0.29725	0.3125	300	300	
	0.298	0.3125	300	300	
	0.29825	0.3125	300	300	
	0.299125	0.3125	300	300	
	0.299375	0.3125	300	300	
	0.3005	0.3125	300	300	
	0.30175	0.3125	300	300	
	0.302375	0.3125	300	300	
	0.302625	0.3125	300	300	
	0.303375	0.3125	300	300	
	0.303625	0.3125	300	300	
	0.303625	0.3125	300	300	
	0.304125	0.3125	300	300	
	0.3045	0.3125	300	300	

	0.565685	0.245833	300	300	
	0.425736	0.245833	300	300	
	0.362875	0.116667	300	300	
	0.31837	0.0805556	300	300	
	0.283079	0.0805556	300	300	
	0.254667	0.0805556	300	300	
	0.229199	0.0666667	300	300	
	0.213694	0.0666667	300	300	
	0.201495	0.0666667	300	300	
	0.191069	0.0666667	300	300	
	0.168616	0.0666667	300	300	
	0.149699	0.0666667	300	300	
	0.142241	0.0666667	300	300	
	0.130019	0.0321759	300	300	
	0.119176	0.0217593	300	300	
	0.113903	0.0217593	300	300	
	0.105375	0.0875	300	300	
	0.0966204	0.0875	300	300	
	0.0953704	0.0875	300	300	
	0.0933472	0.0875	300	300	
	0.0788426	0.0875	300	300	
	0.0615926	0.0875	300	300	
	0.0414537	0.0875	300	300	
	0.0259954	0.0875	300	300	
	0.02325	0.0875	300	300	
	0.0105833	0.0875	300	300	
	0.00570833	0.0875	300	300	
	0.00340278	0.0875	300	300	
	0.0107222	0.0875	300	300	
	0.0158935	0.0875	300	300	
	0.0182037	0.0875	300	300	
	0.0255	0.0875	300	300	
	0.0277639	0.0875	300	300	
	0.0308565	0.0875	300	300	
	0.0336389	0.0875	300	300	
	0.0376991	0.0875	300	300	
	0.0385185	0.0875	300	300	
	0.0391435	0.0875	300	300	
	0.0403009	0.0875	300	300	
	0.0419213	0.0875	300	300	
	0.0437269	0.0875	300	300	
	0.0447269	0.0875	300	300	
	0.0464769	0.0875	300	300	
	0.0492268	0.0875	300	300	
	0.0533518	0.0875	300	300	
	0.0601343	0.0875	300	300	
	0.0633797	0.0875	300	300	
	0.0650047	0.0875	300	300	
	0.0650047	0.0875	300	300	
	0.0705046	0.09375	300	300	
	0.074375	0.09375	300	300	
	0.077875	0.09375	300	300	
	0.081625	0.09375	300	300	
	0.084625	0.09375	300	300	
	0.086875	0.1125	300	300	
	0.087875	0.1125	300	300	
	0.089625	0.1125	300	300	
	0.0903751	0.1125	300	300	
	0.0913751	0.1125	300	300	
	0.09225	0.1125	300	300	
	0.094625	0.125	300	300	
	0.0965972	0.125	300	300	
	0.0967222	0.125	300	300	
	0.0973472	0.125	300	300	
	0.0982222	0.125	300	300	
	0.100472	0.13125	300	300	
	0.103162	0.13125	300	300	
	0.104287	0.13125	300	300	
	0.106694	0.13125	300	300	
	0.108819	0.13125	300	300	
	0.111944	0.14375	300	300	
	0.117755	0.14375	300	300	
	0.123315	0.14375	300	300	
	0.125907	0.15	300	300	
	0.128625	0.15	300	300	
	0.132125	0.1875	300	300	
	0.135625	0.1875	300	300	
	0.13925	0.2	300	300	
	0.143375	0.2	300	300	
	0.14725	0.2	300	300	
	0.14975	0.2	300	300	
	0.152565	0.2	300	300	
	0.155375	0.2	300	300	
	0.159375	0.2	300	300	
	0.166157	0.2	300	300	
	0.169282	0.2	300	300	
	0.172032	0.2	300	300	
	0.174782	0.2125	300	300	
	0.178065	0.2125	300	300	
	0.182847	0.2125	300	300	
	0.188407	0.2125	300	300	
	0.1925	0.2125	300	300	
	0.19725	0.2125	300	300	
	0.20225	0.21875	300	300	
	0.204375	0.21875	300	300	
	0.206125	0.21875	300	300	
	0.207625	0.21875	300	300	
	0.20925	0.21875	300	300	
	0.211625	0.21875	300	300	
	0.21325	0.21875	300	300	
	0.21525	0.225	300	300	

	0.553569	0.144676	300	300	
	0.416893	0.122917	300	300	
	0.341069	0.0916667	300	300	
	0.301926	0.0916667	300	300	
	0.267903	0.0916667	300	300	
	0.235208	0.0916667	300	300	
	0.211574	0.0479167	300	300	
	0.187875	0.0479167	300	300	
	0.155829	0.0479167	300	300	
	0.134269	0.0479167	300	300	
	0.122231	0.0479167	300	300	
	0.115491	0.0280093	300	300	
	0.110611	0.0280093	300	300	
	0.10819	0.0280093	300	300	
	0.103162	0.0280093	300	300	
	0.0998426	0.0280093	300	300	
	0.0983797	0.0280093	300	300	
	0.0972917	0.0280093	300	300	
	0.0857361	0.050463	300	300	
	0.081625	0.050463	300	300	
	0.0791945	0.050463	300	300	
	0.0755417	0.050463	300	300	
	0.0690324	0.050463	300	300	
	0.0637176	0.050463	300	300	
	0.0454907	0.050463	300	300	
	0.0384167	0.050463	300	300	
	0.0304352	0.050463	300	300	
	0.0227917	0.0972222	300	300	
	0.0153009	0.0972222	300	300	
	0.00773148	0.0972222	300	300	
	0.00525	0.0972222	300	300	
	0.00108333	0.0972222	300	300	
	0.0108518	0.0972222	300	300	
	0.0198333	0.0972222	300	300	
	0.0269861	0.0972222	300	300	
	0.0364445	0.0972222	300	300	
	0.0436482	0.105093	300	300	
	0.0509444	0.105093	300	300	
	0.0539444	0.105093	300	300	
	0.0565926	0.1125	300	300	
	0.0570926	0.1125	300	300	
	0.0578426	0.1125	300	300	
	0.0597268	0.13125	300	300	
	0.0623518	0.1375	300	300	
	0.0633518	0.1375	300	300	
	0.0661019	0.1375	300	300	
	0.0697084	0.1375	300	300	
	0.0756204	0.1375	300	300	
	0.0790602	0.1375	300	300	
	0.0826852	0.1375	300	300	
	0.083375	0.1375	300	300	
	0.0845	0.1375	300	300	
	0.0865046	0.1375	300	300	
	0.0893796	0.1375	300	300	
	0.105935	0.15	300	300	
	0.11575	0.15	300	300	
	0.120417	0.15	300	300	
	0.124505	0.15625	300	300	
	0.126625	0.15625	300	300	
	0.131125	0.20625	300	300	
	0.14025	0.2125	300	300	
	0.144	0.2125	300	300	
	0.148375	0.2125	300	300	
	0.152875	0.2125	300	300	
	0.1585	0.2125	300	300	
	0.16425	0.2125	300	300	
	0.176875	0.2125	300	300	
	0.182625	0.2375	300	300	
	0.191625	0.24375	300	300	
	0.201625	0.25	300	300	
	0.207	0.25	300	300	
	0.212125	0.25	300	300	
	0.22	0.25	300	300	
	0.22525	0.25	300	300	
	0.227875	0.25	300	300	
	0.2335	0.25625	300	300	
	0.23725	0.25625	300	300	
	0.23975	0.2625	300	300	
	0.24275	0.2625	300	300	
	0.245125	0.2625	300	300	
	0.24775	0.2625	300	300	
	0.248875	0.2625	300	300	
	0.249875	0.2625	300	300	
	0.251125	0.2625	300	300	
	0.25275	0.2625	300	300	
	0.253375	0.2625	300	300	
	0.25375	0.2625	300	300	
	0.254625	0.2625	300	300	
	0.2555	0.26875	300	300	
	0.2565	0.26875	300	300	
	0.258125	0.275	300	300	
	0.25825	0.275	300	300	
	0.258625	0.275	300	300	
	0.258875	0.275	300	300	
	0.259375	0.275	300	300	
	0.259625	0.275	300	300	
	0.259875	0.275	300	300	
	0.261125	0.28125	300	300	
	0.261875	0.28125	300	300	
	0.26275	0.28125	300	300	
	0.2645	0.28125	300	300	

	0.596213	0.258333	300	300	
	0.446162	0.222685	300	300	
	0.37156	0.205556	300	300	
	0.337685	0.0157407	300	300	
	0.311542	0.0157407	300	300	
	0.264236	0.0157407	300	300	
	0.239824	0.0157407	300	300	
	0.226588	0.0157407	300	300	
	0.200167	0.0157407	300	300	
	0.177394	0.0157407	300	300	
	0.155736	0.0157407	300	300	
	0.136412	0.0157407	300	300	
	0.132759	0.0157407	300	300	
	0.12181	0.0157407	300	300	
	0.113736	0.0157407	300	300	
	0.107597	0.0157407	300	300	
	0.0993519	0.0157407	300	300	
	0.0945278	0.0157407	300	300	
	0.0891898	0.0157407	300	300	
	0.0756158	0.0252315	300	300	
	0.0612269	0.0252315	300	300	
	0.0520787	0.0252315	300	300	
	0.0345787	0.0252315	300	300	
	0.0270556	0.0252315	300	300	
	0.0193472	0.0314815	300	300	
	0.00869444	0.05	300	300	
	0.00699537	0.05	300	300	
	0.0161667	0.05	300	300	
	0.0211852	0.05	300	300	
	0.0232037	0.05	300	300	
	0.023963	0.05	300	300	
	0.0259629	0.05	300	300	
	0.0274629	0.05	300	300	
	0.0292731	0.05	300	300	
	0.0311481	0.05625	300	300	
	0.0323981	0.05625	300	300	
	0.0325278	0.05625	300	300	
	0.0341389	0.05625	300	300	
	0.0360093	0.05625	300	300	
	0.0376343	0.0625	300	300	
	0.0385093	0.0625	300	300	
	0.0401343	0.0625	300	300	
	0.0405093	0.0625	300	300	
	0.0413843	0.0625	300	300	
	0.0435046	0.0625	300	300	
	0.0448796	0.0625	300	300	
	0.0458796	0.0625	300	300	
	0.048875	0.06875	300	300	
	0.049125	0.06875	300	300	
	0.05	0.06875	300	300	
	0.052	0.06875	300	300	
	0.053	0.06875	300	300	
	0.0545	0.08125	300	300	
	0.055125	0.08125	300	300	
	0.055125	0.08125	300	300	
	0.05575	0.08125	300	300	
	0.058	0.1	300	300	
	0.05825	0.1	300	300	
	0.0605	0.1	300	300	
	0.063375	0.1	300	300	
	0.064375	0.10625	300	300	
	0.065375	0.10625	300	300	
	0.06975	0.10625	300	300	
	0.071625	0.10625	300	300	
	0.075	0.10625	300	300	
	0.077375	0.10625	300	300	
	0.0790046	0.10625	300	300	
	0.0813796	0.10625	300	300	
	0.0868796	0.11875	300	300	
	0.0926296	0.11875	300	300	
	0.0984399	0.125	300	300	
	0.105375	0.13125	300	300	
	0.105375	0.13125	300	300	
	0.110875	0.13125	300	300	
	0.115	0.14375	300	300	
	0.1205	0.14375	300	300	
	0.125625	0.15	300	300	
	0.128375	0.15	300	300	
	0.128375	0.15	300	300	
	0.131625	0.15	300	300	
	0.133875	0.15	300	300	
	0.1365	0.15625	300	300	
	0.138532	0.15625	300	300	
	0.141315	0.15625	300	300	
	0.141315	0.15625	300	300	
	0.142125	0.15625	300	300	
	0.144125	0.16875	300	300	
	0.14625	0.16875	300	300	
	0.14725	0.16875	300	300	
	0.149625	0.16875	300	300	
	0.149658	0.16875	300	300	
	0.150408	0.16875	300	300	
	0.152065	0.16875	300	300	
	0.153375	0.16875	300	300	
	0.154375	0.175	300	300	
	0.15575	0.175	300	300	
	0.15625	0.175	300	300	
	0.15825	0.175	300	300	
	0.1595	0.175	300	300	
	0.16075	0.175	300	300	
	0.162625	0.175	300	300	

	0.53962	0.104167	300	300	
	0.414389	0.104167	300	300	
	0.335056	0.104167	300	300	
	0.28325	0.104167	300	300	
	0.246093	0.104167	300	300	
	0.214338	0.104167	300	300	
	0.202685	0.0914352	300	300	
	0.192995	0.0914352	300	300	
	0.1705	0.0155093	300	300	
	0.14881	0.0155093	300	300	
	0.127296	0.0155093	300	300	
	0.118579	0.0155093	300	300	
	0.117356	0.0155093	300	300	
	0.109032	0.00439815	300	300	
	0.102083	0.00439815	300	300	
	0.0956389	0.00439815	300	300	
	0.0905648	0.00439815	300	300	
	0.0828889	0.00439815	300	300	
	0.0781945	0.0439815	300	300	
	0.0725278	0.0439815	300	300	
	0.0570694	0.0625	300	300	
	0.0423148	0.0625	300	300	
	0.0288657	0.0625	300	300	
	0.00888426	0.0625	300	300	
	0.00143518	0.0625	300	300	
	0.0177454	0.0625	300	300	
	0.0267037	0.0625	300	300	
	0.0355509	0.09375	300	300	
	0.049875	0.09375	300	300	
	0.054963	0.09375	300	300	
	0.0580972	0.115741	300	300	
	0.0645185	0.115741	300	300	
	0.0662639	0.115741	300	300	
	0.0692639	0.115741	300	300	
	0.0732639	0.115741	300	300	
	0.0788333	0.115741	300	300	
	0.0890324	0.2125	300	300	
	0.0941574	0.2125	300	300	
	0.0961574	0.2125	300	300	
	0.0985972	0.2125	300	300	
	0.101477	0.2125	300	300	
	0.106662	0.2125	300	300	
	0.120958	0.2125	300	300	
	0.127773	0.2125	300	300	
	0.134264	0.2125	300	300	
	0.142537	0.2125	300	300	
	0.149528	0.2125	300	300	
	0.154884	0.2125	300	300	
	0.18444	0.2125	300	300	
	0.188815	0.21875	300	300	
	0.199375	0.225	300	300	
	0.2025	0.225	300	300	
	0.205375	0.225	300	300	
	0.21025	0.25625	300	300	
	0.217375	0.25625	300	300	
	0.22175	0.25625	300	300	
	0.2255	0.2625	300	300	
	0.23025	0.2625	300	300	
	0.233125	0.2625	300	300	
	0.236375	0.2625	300	300	
	0.247375	0.275	300	300	
	0.251375	0.275	300	300	
	0.25475	0.275	300	300	
	0.259125	0.275	300	300	
	0.263	0.275	300	300	
	0.266125	0.28125	300	300	
	0.270875	0.3	300	300	
	0.274125	0.3	300	300	
	0.275375	0.3	300	300	
	0.27675	0.3	300	300	
	0.279125	0.3	300	300	
	0.281	0.30625	300	300	
	0.284	0.3125	300	300	
	0.28675	0.3125	300	300	
	0.2905	0.3125	300	300	
	0.2945	0.3125	300	300	
	0.297032	0.3125	300	300	
	0.299282	0.3125	300	300	
	0.301657	0.3125	300	300	
	0.303875	0.3375	300	300	
	0.305375	0.3375	300	300	
	0.306625	0.3375	300	300	
	0.30775	0.3375	300	300	
	0.30875	0.3375	300	300	
	0.3115	0.3375	300	300	
	0.313375	0.3375	300	300	
	0.31575	0.3375	300	300	
	0.31825	0.3375	300	300	
	0.320125	0.3375	300	300	
	0.322875	0.3375	300	300	
	0.32525	0.3375	300	300	
	0.32725	0.3375	300	300	
	0.329125	0.3375	300	300	
	0.330375	0.3375	300	300	
	0.3315	0.3375	300	300	
	0.332	0.3375	300	300	
	0.333625	0.3375	300	300	
	0.33375	0.3375	300	300	
	0.33425	0.3375	300	300	
	0.33475	0.3375	300	300	
	0.33525	0.3375	300	300	

	0.568199	0.182176	300	300	
	0.425042	0.182176	300	300	
	0.334926	0.0979167	300	300	
	0.297194	0.0979167	300	300	
	0.245495	0.0854167	300	300	
	0.217616	0.0854167	300	300	
	0.203523	0.0854167	300	300	
	0.203125	0.0854167	300	300	
	0.188611	0.0854167	300	300	
	0.170333	0.0854167	300	300	
	0.15138	0.0854167	300	300	
	0.138199	0.0810185	300	300	
	0.131611	0.0791667	300	300	
	0.117361	0.025	300	300	
	0.111278	0.025	300	300	
	0.101148	0.025	300	300	
	0.0954167	0.025	300	300	
	0.0825232	0.04375	300	300	
	0.0753704	0.04375	300	300	
	0.0608241	0.04375	300	300	
	0.0453611	0.04375	300	300	
	0.0305185	0.04375	300	300	
	0.0186018	0.04375	300	300	
	0.00308333	0.04375	300	300	
	0.00261111	0.04375	300	300	
	0.0116157	0.0625	300	300	
	0.0218287	0.0625	300	300	
	0.0244074	0.0625	300	300	
	0.0255324	0.0625	300	300	
	0.0275324	0.0625	300	300	
	0.0275324	0.0625	300	300	
	0.0300324	0.0625	300	300	
	0.03175	0.0625	300	300	
	0.03425	0.0625	300	300	
	0.03775	0.0625	300	300	
	0.040625	0.0625	300	300	
	0.04125	0.0625	300	300	
	0.046	0.0625	300	300	
	0.049125	0.0625	300	300	
	0.050875	0.0625	300	300	
	0.052625	0.06875	300	300	
	0.05575	0.06875	300	300	
	0.05575	0.06875	300	300	
	0.0585	0.06875	300	300	
	0.06075	0.06875	300	300	
	0.0635	0.08125	300	300	
	0.064875	0.08125	300	300	
	0.0665	0.08125	300	300	
	0.066875	0.08125	300	300	
	0.069	0.09375	300	300	
	0.0725	0.09375	300	300	
	0.074375	0.09375	300	300	
	0.076125	0.09375	300	300	
	0.079625	0.09375	300	300	
	0.08	0.09375	300	300	
	0.083125	0.09375	300	300	
	0.085625	0.09375	300	300	
	0.0885001	0.09375	300	300	
	0.0903751	0.10625	300	300	
	0.091875	0.10625	300	300	
	0.092	0.10625	300	300	
	0.093625	0.10625	300	300	
	0.094	0.10625	300	300	
	0.09425	0.10625	300	300	
	0.09425	0.10625	300	300	
	0.09425	0.10625	300	300	
	0.09425	0.10625	300	300	
	0.094875	0.10625	300	300	
	0.095125	0.10625	300	300	
	0.096	0.1125	300	300	
	0.0965	0.1125	300	300	
	0.09675	0.1125	300	300	
	0.09675	0.1125	300	300	
	0.097875	0.1125	300	300	
	0.098625	0.1125	300	300	
	0.099	0.1125	300	300	
	0.100875	0.1125	300	300	
	0.102625	0.1125	300	300	
	0.102625	0.1125	300	300	
	0.103625	0.1125	300	300	
	0.104625	0.1125	300	300	
	0.106875	0.1125	300	300	
	0.108	0.1125	300	300	
	0.108625	0.1125	300	300	
	0.108625	0.1125	300	300	
	0.109125	0.1125	300	300	
	0.1095	0.1125	300	300	
	0.110875	0.1125	300	300	
	0.1125	0.1125	300	300	
	0.1125	0.1125	300	300	
	0.1125	0.1125	300	300	
	0.1125	0.1125	300	300	
	0.1125	0.1125	300	300	
	0.1125	0.1125	300	300	
	0.1125	0.1125	300	300	
	0.1125	0.1125	300	300	
	0.1125	0.1125	300	300	
	0.1125	0.1125	300	300	
	0.1125	0.1125	300	300	
	0.1125	0.1125	300	300	
	0.1125	0.1125	300	300	

	0.548167	0.0916667	300	300	
	0.394894	0.0916667	300	300	
	0.340546	0.0916667	300	300	
	0.286116	0.0310185	300	300	
	0.238921	0.0310185	300	300	
	0.216657	0.0310185	300	300	
	0.19781	0.0310185	300	300	
	0.180565	0.0391204	300	300	
	0.167991	0.0391204	300	300	
	0.14137	0.0391204	300	300	
	0.110204	0.0391204	300	300	
	0.0904305	0.0391204	300	300	
	0.0838935	0.0391204	300	300	
	0.0716019	0.0391204	300	300	
	0.0619306	0.05	300	300	
	0.0438426	0.05	300	300	
	0.0313611	0.05	300	300	
	0.0121204	0.05625	300	300	
	0.00647685	0.115972	300	300	
	0.0089537	0.115972	300	300	
	0.0244676	0.115972	300	300	
	0.0360417	0.115972	300	300	
	0.0437269	0.115972	300	300	
	0.0468519	0.115972	300	300	
	0.0511806	0.15625	300	300	
	0.0530324	0.15625	300	300	
	0.0549167	0.15625	300	300	
	0.0575185	0.15625	300	300	
	0.0638055	0.18125	300	300	
	0.068463	0.18125	300	300	
	0.0725556	0.18125	300	300	
	0.0749306	0.18125	300	300	
	0.0790556	0.18125	300	300	
	0.0891296	0.18125	300	300	
	0.0964305	0.18125	300	300	
	0.10638	0.18125	300	300	
	0.108657	0.18125	300	300	
	0.126037	0.19375	300	300	
	0.138449	0.21875	300	300	
	0.148991	0.21875	300	300	
	0.159491	0.23125	300	300	
	0.172819	0.23125	300	300	
	0.187227	0.25	300	300	
	0.197977	0.275	300	300	
	0.211102	0.275	300	300	
	0.219731	0.275	300	300	
	0.228912	0.275	300	300	
	0.23419	0.275	300	300	
	0.244505	0.275	300	300	
	0.248569	0.29375	300	300	
	0.253255	0.3	300	300	
	0.25769	0.3	300	300	
	0.262782	0.3	300	300	
	0.269158	0.31875	300	300	
	0.279472	0.31875	300	300	
	0.284907	0.31875	300	300	
	0.28875	0.31875	300	300	
	0.2935	0.31875	300	300	
	0.2985	0.31875	300	300	
	0.302875	0.325	300	300	
	0.312625	0.33125	300	300	
	0.31625	0.33125	300	300	
	0.319375	0.33125	300	300	
	0.321375	0.3375	300	300	
	0.32375	0.3375	300	300	
	0.3255	0.3375	300	300	
	0.328875	0.3375	300	300	
	0.33	0.3375	300	300	
	0.33075	0.3375	300	300	
	0.331125	0.3375	300	300	
	0.3315	0.3375	300	300	
	0.33275	0.3375	300	300	
	0.333125	0.3375	300	300	
	0.33325	0.3375	300	300	
	0.33375	0.34375	300	300	
	0.33425	0.34375	300	300	
	0.335125	0.34375	300	300	
	0.3355	0.34375	300	300	
	0.337125	0.34375	300	300	
	0.337875	0.34375	300	300	
	0.338	0.34375	300	300	
	0.338	0.34375	300	300	
	0.33825	0.34375	300	300	
	0.33825	0.34375	300	300	
	0.338625	0.34375	300	300	
	0.338625	0.34375	300	300	
	0.339125	0.34375	300	300	
	0.3395	0.34375	300	300	
	0.33975	0.34375	300	300	
	0.34	0.34375	300	300	
	0.340125	0.34375	300	300	
	0.340375	0.34375	300	300	
	0.340375	0.34375	300	300	
	0.34075	0.34375	300	300	
	0.34125	0.34375	300	300	
	0.3415	0.34375	300	300	
	0.3425	0.34375	300	300	
	0.343625	0.34375	300	300	
	0.34375	0.34375	300	300	
	0.34375	0.34375	300	300	
	0.34375	0.34375	300	300	

	0.583218	0.129167	300	300	
	0.431157	0.122917	300	300	
	0.336	0.122917	300	300	
	0.287856	0.122917	300	300	
	0.259435	0.110417	300	300	
	0.229579	0.110417	300	300	
	0.223898	0.0821759	300	300	
	0.198222	0.0821759	300	300	
	0.163352	0.0375	300	300	
	0.133815	0.0375	300	300	
	0.122903	0.0375	300	300	
	0.117005	0.0375	300	300	
	0.115532	0.0375	300	300	
	0.108481	0.0375	300	300	
	0.105139	0.0375	300	300	
	0.100148	0.0375	300	300	
	0.0954445	0.0375	300	300	
	0.0867315	0.0375	300	300	
	0.0867315	0.0375	300	300	
	0.0779815	0.05	300	300	
	0.0581667	0.05	300	300	
	0.0375926	0.0625	300	300	
	0.0103657	0.0625	300	300	
	0.0178056	0.0625	300	300	
	0.0178935	0.0625	300	300	
	0.0310278	0.06875	300	300	
	0.048375	0.075	300	300	
	0.05275	0.075	300	300	
	0.056375	0.075	300	300	
	0.061375	0.08125	300	300	
	0.062	0.08125	300	300	
	0.066125	0.0875	300	300	
	0.069625	0.0875	300	300	
	0.074	0.1	300	300	
	0.076875	0.1	300	300	
	0.080625	0.1	300	300	
	0.081125	0.1	300	300	
	0.083	0.1	300	300	
	0.08625	0.1	300	300	
	0.0895001	0.1	300	300	
	0.091625	0.10625	300	300	
	0.09325	0.10625	300	300	
	0.093375	0.10625	300	300	
	0.09475	0.10625	300	300	
	0.09625	0.1125	300	300	
	0.09775	0.1125	300	300	
	0.100125	0.1125	300	300	
	0.10375	0.1125	300	300	
	0.10375	0.1125	300	300	
	0.105375	0.1125	300	300	
	0.108125	0.1125	300	300	
	0.10925	0.11875	300	300	
	0.11075	0.11875	300	300	
	0.113	0.11875	300	300	
	0.11325	0.11875	300	300	
	0.114	0.11875	300	300	
	0.114875	0.13125	300	300	
	0.116	0.13125	300	300	
	0.1185	0.13125	300	300	
	0.120625	0.13125	300	300	
	0.120875	0.13125	300	300	
	0.12225	0.13125	300	300	
	0.125375	0.1375	300	300	
	0.127375	0.1375	300	300	
	0.12825	0.1375	300	300	
	0.13	0.1375	300	300	
	0.130125	0.1375	300	300	
	0.13175	0.1375	300	300	
	0.132	0.1375	300	300	
	0.13225	0.1375	300	300	
	0.1325	0.1375	300	300	
	0.133	0.1375	300	300	
	0.133	0.1375	300	300	
	0.13375	0.1375	300	300	
	0.13425	0.1375	300	300	
	0.135125	0.1375	300	300	
	0.13625	0.1375	300	300	
	0.137625	0.14375	300	300	
	0.137625	0.14375	300	300	
	0.137625	0.14375	300	300	
	0.137625	0.14375	300	300	
	0.137625	0.14375	300	300	
	0.137625	0.14375	300	300	
	0.137625	0.14375	300	300	
	0.137625	0.14375	300	300	
	0.137625	0.14375	300	300	
	0.137625	0.14375	300	300	
	0.137625	0.14375	300	300	
	0.137625	0.14375	300	300	
	0.137625	0.14375	300	300	
	0.137625	0.14375	300	300	
	0.137625	0.14375	300	300	
	0.137875	0.14375	300	300	
	0.137875	0.14375	300	300	
	0.137875	0.14375	300	300	
	0.137875	0.14375	300	300	
	0.137875	0.14375	300	300	
	0.138	0.14375	300	300	
	0.138	0.14375	300	300	
	0.13825	0.14375	300	300	
	0.138375	0.14375	300	300	

	0.562565	0.241435	300	300	
	0.410227	0.241435	300	300	
	0.372796	0.233333	300	300	
	0.325977	0.110417	300	300	
	0.301796	0.110417	300	300	
	0.265634	0.110417	300	300	
	0.255	0.110417	300	300	
	0.226778	0.110417	300	300	
	0.20663	0.108796	300	300	
	0.18737	0.0622685	300	300	
	0.158787	0.0622685	300	300	
	0.145032	0.0560185	300	300	
	0.133741	0.00601852	300	300	
	0.122227	0.00601852	300	300	
	0.117056	0.00601852	300	300	
	0.109792	0.00601852	300	300	
	0.103046	0.00601852	300	300	
	0.0972778	0.0375	300	300	
	0.0887269	0.0375	300	300	
	0.080838	0.0375	300	300	
	0.0751204	0.0375	300	300	
	0.068713	0.0375	300	300	
	0.0616158	0.0375	300	300	
	0.0588194	0.0375	300	300	
	0.0521806	0.0469907	300	300	
	0.04675	0.0469907	300	300	
	0.035537	0.0469907	300	300	
	0.0248194	0.05	300	300	
	0.0167824	0.05	300	300	
	0.0101759	0.05	300	300	
	0.00262037	0.06875	300	300	
	0.0104537	0.06875	300	300	
	0.0198241	0.06875	300	300	
	0.0283981	0.06875	300	300	
	0.0367824	0.06875	300	300	
	0.0418658	0.0907407	300	300	
	0.0484398	0.0969907	300	300	
	0.0500926	0.0969907	300	300	
	0.0530324	0.0969907	300	300	
	0.0540324	0.0969907	300	300	
	0.0549074	0.0969907	300	300	
	0.0557824	0.0969907	300	300	
	0.0616667	0.0969907	300	300	
	0.063287	0.0969907	300	300	
	0.0659167	0.0969907	300	300	
	0.0679722	0.0969907	300	300	
	0.0705324	0.0969907	300	300	
	0.0717222	0.0969907	300	300	
	0.0753055	0.1	300	300	
	0.0786805	0.10625	300	300	
	0.0814306	0.10625	300	300	
	0.0842778	0.10625	300	300	
	0.0867824	0.109491	300	300	
	0.0884722	0.109491	300	300	
	0.0903797	0.109491	300	300	
	0.0933797	0.121991	300	300	
	0.0956991	0.121991	300	300	
	0.0961991	0.121991	300	300	
	0.0971389	0.121991	300	300	
	0.0980833	0.121991	300	300	
	0.102412	0.159491	300	300	
	0.103542	0.159491	300	300	
	0.104986	0.159491	300	300	
	0.10637	0.159491	300	300	
	0.106801	0.159491	300	300	
	0.107736	0.159491	300	300	
	0.11275	0.159491	300	300	
	0.11413	0.159491	300	300	
	0.115194	0.159491	300	300	
	0.117505	0.159491	300	300	
	0.118569	0.159491	300	300	
	0.121338	0.159491	300	300	
	0.131352	0.159491	300	300	
	0.137708	0.159491	300	300	
	0.144898	0.165741	300	300	
	0.149616	0.171991	300	300	
	0.154616	0.184491	300	300	
	0.157991	0.184491	300	300	
	0.161366	0.184491	300	300	
	0.163116	0.184491	300	300	
	0.164741	0.184491	300	300	
	0.166241	0.184491	300	300	
	0.168616	0.184491	300	300	
	0.170241	0.184491	300	300	
	0.170991	0.184491	300	300	
	0.172491	0.184491	300	300	
	0.172991	0.184491	300	300	
	0.174741	0.184491	300	300	
	0.176991	0.190741	300	300	
	0.178741	0.209491	300	300	
	0.179241	0.209491	300	300	
	0.180366	0.209491	300	300	
	0.181241	0.209491	300	300	
	0.182741	0.209491	300	300	
	0.183616	0.209491	300	300	
	0.184366	0.209491	300	300	
	0.184991	0.209491	300	300	
	0.185491	0.209491	300	300	
	0.186241	0.209491	300	300	
	0.187366	0.209491	300	300	
	0.188991	0.209491	300	300	

	0.559694	0.150926	300	300	
	0.433482	0.150926	300	300	
	0.361658	0.0729167	300	300	
	0.293935	0.0729167	300	300	
	0.242227	0.0509259	300	300	
	0.215903	0.0509259	300	300	
	0.203069	0.0166667	300	300	
	0.171171	0.0166667	300	300	
	0.15531	0.0166667	300	300	
	0.128125	0.0625	300	300	
	0.105597	0.0625	300	300	
	0.0981528	0.0625	300	300	
	0.097463	0.0625	300	300	
	0.0919769	0.0625	300	300	
	0.0875787	0.0625	300	300	
	0.0795139	0.0625	300	300	
	0.0729074	0.0625	300	300	
	0.0620463	0.0625	300	300	
	0.0620463	0.0625	300	300	
	0.0586852	0.0625	300	300	
	0.0477176	0.0625	300	300	
	0.0360741	0.0625	300	300	
	0.0223009	0.0625	300	300	
	0.00816667	0.0625	300	300	
	0.0056713	0.0657407	300	300	
	0.0154537	0.0657407	300	300	
	0.0271389	0.0907407	300	300	
	0.0374305	0.0907407	300	300	
	0.0440741	0.0907407	300	300	
	0.0470741	0.0907407	300	300	
	0.0479491	0.0907407	300	300	
	0.0502592	0.0907407	300	300	
	0.0523241	0.0907407	300	300	
	0.0541991	0.0907407	300	300	
	0.0572639	0.0907407	300	300	
	0.0583889	0.0907407	300	300	
	0.0598935	0.0907407	300	300	
	0.0610185	0.0907407	300	300	
	0.0615185	0.0907407	300	300	
	0.0635186	0.0907407	300	300	
	0.0655232	0.0969907	300	300	
	0.066588	0.0969907	300	300	
	0.0699121	0.109491	300	300	
	0.0711019	0.109491	300	300	
	0.072537	0.109491	300	300	
	0.0744815	0.109491	300	300	
	0.0788055	0.1125	300	300	
	0.081838	0.1125	300	300	
	0.0874953	0.1125	300	300	
	0.09075	0.1125	300	300	
	0.095662	0.1625	300	300	
	0.0995046	0.1625	300	300	
	0.106426	0.1625	300	300	
	0.110282	0.1625	300	300	
	0.117773	0.2	300	300	
	0.123787	0.2125	300	300	
	0.130708	0.2125	300	300	
	0.138982	0.2125	300	300	
	0.152037	0.2125	300	300	
	0.165472	0.2125	300	300	
	0.185782	0.225	300	300	
	0.19575	0.25	300	300	
	0.203125	0.25	300	300	
	0.207	0.25	300	300	
	0.210625	0.25	300	300	
	0.213375	0.25	300	300	
	0.22025	0.25	300	300	
	0.223125	0.25	300	300	
	0.2255	0.25	300	300	
	0.22825	0.25	300	300	
	0.230375	0.25625	300	300	
	0.235125	0.25625	300	300	
	0.24025	0.275	300	300	
	0.242375	0.275	300	300	
	0.24475	0.275	300	300	
	0.248125	0.275	300	300	
	0.250875	0.275	300	300	
	0.252625	0.275	300	300	
	0.258125	0.28125	300	300	
	0.259625	0.28125	300	300	
	0.26225	0.28125	300	300	
	0.264875	0.2875	300	300	
	0.2665	0.2875	300	300	
	0.27025	0.2875	300	300	
	0.276875	0.3	300	300	
	0.28075	0.3	300	300	
	0.283625	0.3	300	300	
	0.28525	0.3	300	300	
	0.286375	0.3	300	300	
	0.287125	0.3	300	300	
	0.28925	0.3	300	300	
	0.290875	0.3	300	300	
	0.29275	0.3	300	300	
	0.294	0.3	300	300	
	0.296125	0.30625	300	300	
	0.2975	0.30625	300	300	
	0.29875	0.30625	300	300	
	0.29925	0.30625	300	300	
	0.299625	0.30625	300	300	
	0.30075	0.30625	300	300	
	0.300875	0.30625	300	300	

