//3目标+新拥挤距离+fix/priori/assemble
start:
	95.8	195	170.64	45	300	300	
	99.9	195	142.46	16	300	300	
	98.6	195	130.58	16	300	300	
	98.6	195	118.88	0	300	300	
	97.2	195	108.92	0	300	300	
	100.7	195	109.58	0	300	300	
	123.6	255	114.48	0	300	300	
	120	255	99.62	0	300	300	
	117.1	255	93.16	0	300	300	
	125.7	255	98.74	0	300	300	
	130.7	255	99.8	0	300	300	
	132	255	96.32	0	300	300	
	139	275	84.28	0	300	300	
	148	275	87.3	0	300	300	
	156.9	275	89.78	0	300	300	
	159.7	275	89.32	0	300	300	
	156.5	275	81.62	0	300	300	
	161.2	275	82.86	0	300	300	
	191.3	275	99.72	0	300	300	
	198.4	275	102.94	0	300	300	
	201.4	275	102.18	0	300	300	
	203.4	300	97.84	0	300	300	
	201.6	300	91.5	0	300	300	
	202.5	300	91.38	0	300	300	
	215.3	300	93.2	0	300	300	
	208.6	300	82.42	0	300	300	
	208.5	300	80.5	0	300	300	
	208.8	300	78.7	0	300	300	
	218.4	300	90.16	0	300	300	
	216.8	300	86.6	0	300	300	
	222.2	300	88.78	0	300	300	
	220.9	300	87.12	0	300	300	
	222.6	300	88.5	0	300	300	
	222.8	300	86.38	0	300	300	
	221.8	300	85.42	0	300	300	
	225.6	300	89.58	0	300	300	
	227.7	300	88.04	0	300	300	
	229.5	300	89.48	0	300	300	
	229.8	300	89	0	300	300	
	232.1	300	90	0	300	300	
	234	300	92.04	0	300	300	
	234	300	93	0	300	300	
	234.3	300	88.74	0	300	300	
	233.2	300	87.2	0	300	300	
	235	300	87.98	0	300	300	
	234.4	300	85.18	0	300	300	
	234.2	300	83.76	0	300	300	
	235.1	300	84.24	0	300	300	
	234.6	300	80.36	0	300	300	
	235.2	300	79.68	0	300	300	
	233.2	300	76.38	0	300	300	
	233.2	300	76.38	0	300	300	
	235.2	300	80.08	0	300	300	
	230.6	300	74.04	0	300	300	
	237.5	300	77.7	0	300	300	
	237.8	300	78.34	0	300	300	
	239.4	300	80.2	0	300	300	
	238.7	300	79.34	0	300	300	
	239.1	300	79.24	0	300	300	
	237	300	74.48	0	300	300	
	239.1	300	76.22	0	300	300	
	238.2	300	74.74	0	300	300	
	235.6	300	69.68	0	300	300	
	234.8	300	67.36	0	300	300	
	234.7	300	66.88	0	300	300	
	237.6	300	70.44	0	300	300	
	239.2	300	69.6	0	300	300	
	241.4	300	73.44	0	300	300	
	242.5	300	73.44	0	300	300	
	244.8	300	75.36	0	300	300	
	244.9	300	76.2	0	300	300	
	244.2	300	74.88	0	300	300	
	245.1	300	71.86	0	300	300	
	245.1	300	71.86	0	300	300	
	244.1	300	70.9	0	300	300	
	244.3	300	70.9	0	300	300	
	246.2	300	76.68	0	300	300	
	246.3	300	74.62	0	300	300	
	248.6	300	74.1	0	300	300	
	249.4	300	76.02	0	300	300	
	250.7	300	78.78	0	300	300	
	250.6	300	77.4	0	300	300	
	253.1	300	81.64	0	300	300	
	252.7	300	79.42	0	300	300	
	251.8	300	75.9	0	300	300	
	252.6	300	77.34	0	300	300	
	252.6	300	77.34	0	300	300	
	252.6	300	77.34	0	300	300	
	246.2	310	71.94	0	300	300	
	249.6	310	71.94	0	300	300	
	250	310	67.14	0	300	300	
	249.5	310	65.86	0	300	300	
	249.2	310	64.42	0	300	300	
	249.2	310	64.42	0	300	300	
	250.9	310	66.44	0	300	300	
	251	310	66.4	0	300	300	
	250.7	310	65.18	0	300	300	
	250.9	310	65.44	0	300	300	
	251.3	310	65.12	0	300	300	
	251.5	310	65.76	0	300	300	
	251.1	310	64.48	0	300	300	

	100.6	210	174.76	103	300	300	
	107.9	210	168.86	103	300	300	
	109.5	245	157.44	90	300	300	
	116.3	320	153.2	90	300	300	
	128.4	340	150.88	90	300	300	
	131.7	340	141.88	87	300	300	
	171.5	370	146.52	82	300	300	
	187.4	370	145.42	82	300	300	
	186.1	370	141.88	82	300	300	
	194.1	370	143.92	74	300	300	
	193.2	370	140	74	300	300	
	194.5	370	138.72	74	300	300	
	219.6	370	144.06	74	300	300	
	213.2	370	134.46	58	300	300	
	214.1	370	134.02	58	300	300	
	209.1	370	129.74	58	300	300	
	217.6	370	131.88	58	300	300	
	206.3	370	126.36	58	300	300	
	198.7	370	116.5	58	300	300	
	190.8	370	112.16	58	300	300	
	193.9	370	110.3	58	300	300	
	194.6	370	107.64	58	300	300	
	194.5	370	106.2	58	300	300	
	196.2	380	104.34	58	300	300	
	206.2	385	105.78	58	300	300	
	214.6	385	107.22	58	300	300	
	222.5	385	108.88	58	300	300	
	215.2	385	102.32	58	300	300	
	204.4	385	98.18	58	300	300	
	196.1	385	95.34	58	300	300	
	253.8	385	109.48	58	300	300	
	251.9	385	108.84	58	300	300	
	236.3	385	101.74	58	300	300	
	248.9	385	103.2	45	300	300	
	268.1	385	107	45	300	300	
	280.5	385	108.94	45	300	300	
	287	395	106.74	45	300	300	
	280.8	395	104.04	45	300	300	
	276.2	395	104.4	45	300	300	
	286	395	106.34	45	300	300	
	284.7	395	105.96	45	300	300	
	288.6	395	108.4	45	300	300	
	292.4	395	109.72	45	300	300	
	299.6	395	112.7	45	300	300	
	291.9	395	109.52	45	300	300	
	286.7	395	107.92	45	300	300	
	280.9	395	105.74	45	300	300	
	280.8	405	105	45	300	300	
	266.9	405	98.18	45	300	300	
	267.8	405	98.38	45	300	300	
	268.1	405	98.48	45	300	300	
	268.4	405	98.42	45	300	300	
	257	405	94.76	45	300	300	
	258.4	405	96.08	45	300	300	
	253.1	405	96.82	45	300	300	
	252.4	405	96.5	45	300	300	
	240.3	405	93.08	45	300	300	
	228.6	405	89.52	45	300	300	
	213.5	405	84.78	45	300	300	
	203.3	405	84.12	45	300	300	
	185.2	405	78.18	45	300	300	
	210.2	405	85.82	45	300	300	
	222.4	405	89.02	45	300	300	
	239.6	405	94.06	45	300	300	
	237.3	405	93.1	45	300	300	
	244.1	405	93.7	45	300	300	
	239.9	405	91.7	45	300	300	
	231.8	405	88.84	45	300	300	
	249.9	405	95.2	45	300	300	
	249.7	405	94.16	45	300	300	
	255.6	405	95.7	45	300	300	
	256.2	405	95.7	45	300	300	
	230.4	405	86.94	45	300	300	
	247.3	405	91.04	45	300	300	
	247.3	405	91.04	45	300	300	
	254.4	405	91.8	45	300	300	
	253.4	405	94.22	45	300	300	
	251.5	405	92.32	45	300	300	
	260.2	410	95.86	42	300	300	
	274.6	410	98.12	42	300	300	
	274.8	410	98.06	42	300	300	
	277.2	410	98.28	42	300	300	
	279.6	410	98.5	42	300	300	
	284.6	410	99.46	42	300	300	
	281.2	410	97.98	42	300	300	
	282.8	410	99.14	42	300	300	
	287	410	100.1	42	300	300	
	289.3	410	99.78	42	300	300	
	295.8	410	102.64	42	300	300	
	293.5	410	102.42	42	300	300	
	277.7	410	97.44	42	300	300	
	275.9	410	97.22	42	300	300	
	277.9	410	97.48	42	300	300	
	292.8	410	103.66	42	300	300	
	288.7	410	103.04	42	300	300	
	283.2	410	99.74	42	300	300	
	266.9	410	93.58	42	300	300	
	270.1	410	93.42	42	300	300	
	265.8	410	92.88	42	300	300	
	260.4	410	90.14	42	300	300	
	279.9	410	94.56	42	300	300	

	67.3	150	139.76	100	300	300	
	78.8	150	136.48	100	300	300	
	77.8	150	131.98	90	300	300	
	80.2	150	128.04	90	300	300	
	80.4	150	123.48	87	300	300	
	81.2	150	120.58	87	300	300	
	93.7	150	115.76	61	300	300	
	97.9	150	115.06	61	300	300	
	101	155	114.52	61	300	300	
	101.7	155	109.44	61	300	300	
	106.7	155	109.78	61	300	300	
	108.7	160	108.72	61	300	300	
	108	160	101.3	45	300	300	
	109.1	165	101.56	45	300	300	
	109.1	165	101.46	45	300	300	
	108	200	98.36	45	300	300	
	104.7	200	94	45	300	300	
	106.2	200	92.9	45	300	300	
	104.9	200	88.26	45	300	300	
	109.5	200	90.6	45	300	300	
	108.8	200	89.3	45	300	300	
	110.5	200	89.42	45	300	300	
	109	200	87.84	45	300	300	
	110.3	200	87.04	45	300	300	
	121.1	200	90.1	45	300	300	
	120.9	200	86.78	45	300	300	
	120.1	200	84.88	45	300	300	
	121.9	200	83.46	32	300	300	
	121.6	200	81.82	32	300	300	
	121.7	200	81.7	32	300	300	
	121.4	200	74.36	32	300	300	
	123.3	200	72.98	32	300	300	
	128	230	71.98	32	300	300	
	129.2	230	69.14	32	300	300	
	131.7	230	69.46	32	300	300	
	133.8	230	70.32	32	300	300	
	142.2	230	69.02	32	300	300	
	139.5	230	62.44	32	300	300	
	142.2	230	60.34	32	300	300	
	143.4	230	58.2	32	300	300	
	151.6	230	58.04	32	300	300	
	161.9	230	61.98	32	300	300	
	176.4	230	59.12	32	300	300	
	180.1	230	54.78	32	300	300	
	188.1	250	51.46	32	300	300	
	194.5	250	49.58	32	300	300	
	207.4	250	46.64	32	300	300	
	219.7	250	45.3	32	300	300	
	223.1	250	45.84	32	300	300	
	225.8	250	44.8	32	300	300	
	228.2	250	43.92	32	300	300	
	230.2	250	42.76	32	300	300	
	232.2	250	44.28	32	300	300	
	234	250	43.96	32	300	300	
	236.2	250	44.14	32	300	300	
	238.2	260	44.6	32	300	300	
	239.8	260	45.66	32	300	300	
	242.2	270	47.38	32	300	300	
	243.9	270	48.54	32	300	300	
	244	270	45.6	32	300	300	
	244.9	270	44.66	32	300	300	
	245.7	270	44.56	32	300	300	
	246.3	270	43.82	32	300	300	
	247	270	45.3	32	300	300	
	247.5	270	44.3	32	300	300	
	247.9	270	42.72	32	300	300	
	249.5	270	44.3	32	300	300	
	249.6	270	44.46	32	300	300	
	249.9	270	44.5	32	300	300	
	251.7	270	46.02	32	300	300	
	252.1	270	46.02	32	300	300	
	253.6	270	47.66	32	300	300	
	255.9	270	49.84	32	300	300	
	256.2	280	49	32	300	300	
	256.4	280	48.38	32	300	300	
	256	280	47.48	32	300	300	
	255.8	280	46	32	300	300	
	257.3	285	47.52	32	300	300	
	259.8	285	49.74	32	300	300	
	262.1	295	51.74	32	300	300	
	264.3	295	54.58	32	300	300	
	264.4	295	52.68	32	300	300	
	264.4	295	52.36	32	300	300	
	264.3	295	50.84	32	300	300	
	265.3	295	51.84	32	300	300	
	265.7	295	52.16	32	300	300	
	266.1	295	52.48	32	300	300	
	267.1	295	53.48	32	300	300	
	267.4	295	52.32	32	300	300	
	268.3	295	54.06	32	300	300	
	268.3	295	53.16	32	300	300	
	268.3	295	52.22	32	300	300	
	268.6	295	52.12	32	300	300	
	268.7	295	51.92	32	300	300	
	269.4	295	52.8	32	300	300	
	269.2	295	50.84	32	300	300	
	269.4	295	50.46	32	300	300	
	269.2	295	50.08	32	300	300	
	269.2	295	49.84	32	300	300	
	269.6	295	49.74	32	300	300	
	270.4	295	51.16	32	300	300	

	38.5	75	58.94	13	300	300	
	46.2	95	49.66	13	300	300	
	50	95	49.48	13	300	300	
	54.5	95	48.06	13	300	300	
	56.7	95	46.32	13	300	300	
	59.7	95	43.94	13	300	300	
	64.8	100	34.48	13	300	300	
	65.3	100	33.84	13	300	300	
	65.6	100	32.66	0	300	300	
	67.6	100	31.72	0	300	300	
	67	100	28.08	0	300	300	
	68.1	100	26.7	0	300	300	
	75.9	100	28.94	0	300	300	
	75.8	100	28.52	0	300	300	
	74.7	100	24.46	0	300	300	
	75	100	22.72	0	300	300	
	76	100	22.36	0	300	300	
	79.4	100	21.82	0	300	300	
	80.4	105	16.58	0	300	300	
	85	105	19.28	0	300	300	
	88.7	120	21.94	0	300	300	
	93.7	120	24.64	0	300	300	
	95.5	120	23.9	0	300	300	
	97.7	120	23.94	0	300	300	
	101.2	120	22.58	0	300	300	
	99.1	120	19.26	0	300	300	
	100.4	120	17.3	0	300	300	
	99.3	120	14.34	0	300	300	
	103.2	120	16.52	0	300	300	
	103.7	130	14.8	0	300	300	
	108.8	130	13.5	0	300	300	
	113.7	130	16.24	0	300	300	
	113.1	130	12.22	0	300	300	
	115.6	130	12.88	0	300	300	
	118.4	130	12.94	0	300	300	
	118	130	9.26	0	300	300	
	116.9	130	5.94	0	300	300	
	119	130	7.2	0	300	300	
	120.5	130	6.4	0	300	300	
	119.9	135	4.84	0	300	300	
	120.7	135	4.6	0	300	300	
	123.1	135	4.66	0	300	300	
	125.1	145	4.78	0	300	300	
	128.1	145	6.02	0	300	300	
	131.3	145	6.72	0	300	300	
	133.9	145	8.58	0	300	300	
	136.2	145	8.9	0	300	300	
	135.5	145	6.12	0	300	300	
	136.5	150	4.84	0	300	300	
	138.7	150	6.28	0	300	300	
	140.7	150	7.14	0	300	300	
	139.8	155	2.56	0	300	300	
	142.3	155	3.84	0	300	300	
	143.8	155	4.16	0	300	300	
	146.7	155	6.02	0	300	300	
	148.3	155	6.72	0	300	300	
	148.8	160	6.02	0	300	300	
	149.6	160	6.98	0	300	300	
	150.7	160	7.94	0	300	300	
	152.4	160	10.02	0	300	300	
	153.6	160	9.92	0	300	300	
	153.2	160	8.32	0	300	300	
	152.7	160	6.72	0	300	300	
	153	160	7.04	0	300	300	
	153.4	160	7.2	0	300	300	
	154	160	7.04	0	300	300	
	154.2	160	6.72	0	300	300	
	154.7	160	7.36	0	300	300	
	155.7	160	8.96	0	300	300	
	156.8	160	10.56	0	300	300	
	158.2	160	12.8	0	300	300	
	159	160	13.12	0	300	300	
	159	160	12.8	0	300	300	
	158.9	160	12.48	0	300	300	
	158.7	160	11.84	0	300	300	
	158.2	160	10.24	0	300	300	
	157.5	160	8	0	300	300	
	157.3	160	7.36	0	300	300	
	156.8	160	5.76	0	300	300	
	157.1	160	6.72	0	300	300	
	156.9	160	6.08	0	300	300	
	156.8	160	5.76	0	300	300	
	156.8	160	5.76	0	300	300	
	156.9	160	6.08	0	300	300	
	156.6	160	5.12	0	300	300	
	156.9	160	6.08	0	300	300	
	156.9	160	6.08	0	300	300	
	156.8	160	5.76	0	300	300	
	156.4	160	4.48	0	300	300	
	156.8	160	5.76	0	300	300	
	156.7	160	5.44	0	300	300	
	156.7	160	5.44	0	300	300	
	156.9	160	6.08	0	300	300	
	156.8	160	5.76	0	300	300	
	156.6	160	5.12	0	300	300	
	156.6	160	5.12	0	300	300	
	156.8	160	5.76	0	300	300	
	156.6	160	5.12	0	300	300	
	156.9	160	6.08	0	300	300	
	156.8	160	5.76	0	300	300	
	156.8	160	5.76	0	300	300	

	42.6	115	57.2	13	300	300	
	47.8	115	43.94	0	300	300	
	50.7	115	36	0	300	300	
	55.8	115	34.86	0	300	300	
	58.7	115	29.22	0	300	300	
	60.5	115	26.14	0	300	300	
	70.1	115	23.44	0	300	300	
	75.3	130	21.16	0	300	300	
	77.9	130	20.94	0	300	300	
	81.4	130	20.68	0	300	300	
	86.2	130	28.52	0	300	300	
	86.4	130	22.68	0	300	300	
	92.2	130	23.86	0	300	300	
	94	130	22.44	0	300	300	
	95.3	145	17.68	0	300	300	
	97.2	145	16.32	0	300	300	
	98.9	145	13.5	0	300	300	
	100.5	145	13.06	0	300	300	
	106	145	10.84	0	300	300	
	108	145	10.84	0	300	300	
	111	145	10.2	0	300	300	
	112.5	145	10.46	0	300	300	
	114	145	9.2	0	300	300	
	116.6	145	10.04	0	300	300	
	125.4	145	11.28	0	300	300	
	125.3	145	9.26	0	300	300	
	126	145	9	0	300	300	
	127.9	145	7.58	0	300	300	
	128.2	150	6.94	0	300	300	
	128.4	150	7.16	0	300	300	
	135.8	155	9.88	0	300	300	
	138.4	155	10.92	0	300	300	
	142.4	155	12.18	0	300	300	
	145.1	155	13.5	0	300	300	
	147.3	155	13.76	0	300	300	
	147.8	160	12.74	0	300	300	
	148.8	160	3.46	0	300	300	
	151.4	175	3.54	0	299.62	281	
	153.9	175	4.8	0	299.62	281	
	154	175	3.22	0	299.62	281	
	155.5	175	4.28	0	299.62	281	
	157.4	175	5.22	0	299.62	281	
	158.4	175	3.6	0	299.62	281	
	159.7	175	3.74	0	299.62	281	
	161.8	175	3.58	0	299.22	281	
	164	175	4.62	0	299.22	281	
	164.8	175	2.64	0	299.22	281	
	166.1	175	3.54	0	298.8	279	
	167.4	175	2.86	0	298.8	279	
	168.2	175	3	0	298.02	268	
	168.7	175	1.62	0	297.96	268	
	169.2	175	1.1	0	297.96	267	
	170.1	175	1.1	0	297.88	265	
	170.6	175	0.78	0	297.56	265	
	171.3	175	1.56	0	295.12	265	
	171.9	175	2.08	0	293.58	265	
	173	175	5.26	0	289.5	252	
	173.3	175	5.58	0	286.06	252	
	174.6	175	7.98	0	278.82	249	
	175	175	10.4	0	272.08	249	
	175	175	7.32	0	269.52	245	
	175	175	5.96	0	267.9	245	
	175	175	5.44	0	263.68	245	
	175	175	6.74	0	256.54	245	
	175	175	5.5	0	252.22	245	
	175	175	5.04	0	250.3	244	
	175	175	3.42	0	248.68	243	
	175	175	1.88	0	248.22	239	
	175	175	1.3	0	247.82	239	
	175	175	1.56	0	247.52	239	
	175	175	2.34	0	246.6	238	
	175	175	1.3	0	246.24	235	
	175	175	2.34	0	244.04	232	
	175	175	3.12	0	242.64	232	
	175	175	5.2	0	239.94	230	
	175	175	5.46	0	238.46	230	
	175	175	5.2	0	236.54	230	
	175	175	3.38	0	235.54	230	
	175	175	2.08	0	234.16	230	
	175	175	1.56	0	233.68	230	
	175	175	1.56	0	233.3	230	
	175	175	0.78	0	232.94	230	
	175	175	0.52	0	232.68	228	
	175	175	0.52	0	232.46	228	
	175	175	0.52	0	231.98	228	
	175	175	0.52	0	231.8	228	
	175	175	0.26	0	231.66	228	
	175	175	0.26	0	231.66	228	
	175	175	0.26	0	231.28	228	
	175	175	0.26	0	231.22	228	
	175	175	0	0	230.76	228	
	175	175	0	0	230.7	228	
	175	175	0	0	230.4	228	
	175	175	0	0	230.28	228	
	175	175	0	0	230.22	228	
	175	175	0	0	230.18	228	
	175	175	0	0	230	228	
	175	175	0	0	229.92	228	
	175	175	0	0	229.72	228	
	175	175	0	0	229.72	228	
	175	175	0	0	229.64	228	

	29.8	30	35.76	0	160.46	37	
	30	30	23.42	0	121.18	37	
	30	30	19.74	0	97.3	37	
	30	30	14.54	0	81.6	37	
	30	30	12.96	0	69.76	37	
	30	30	10.16	0	59.98	37	
	30	30	8.1	0	50.86	36	
	30	30	7.7	0	46.66	33	
	30	30	6.54	0	42.96	33	
	30	30	6.66	0	39.96	33	
	30	30	4.34	0	37.22	33	
	30	30	2.5	0	35.86	33	
	30	30	1.76	0	34.56	33	
	30	30	0.64	0	34.3	33	
	30	30	0.96	0	33.8	32	
	30	30	0.32	0	33.5	32	
	30	30	0.32	0	33.16	32	
	30	30	0.32	0	32.74	32	
	30	30	0	0	32.36	32	
	30	30	0	0	32	32	
	30	30	0	0	32	32	
	30	30	0	0	32	32	
	30	30	0	0	32	32	
	30	30	0	0	32	32	
	30	30	0	0	31.98	31	
	30	30	0	0	31.98	31	
	30	30	0	0	31.98	31	
	30	30	0	0	31.98	31	
	30	30	0	0	31.98	31	


start:
	99.5	190	187.42	61	300	300	
	103.4	190	159.06	45	300	300	
	94.2	190	135.98	45	300	300	
	90.2	190	123.8	45	300	300	
	94.3	190	124.3	45	300	300	
	95.4	190	119.92	45	300	300	
	115.3	215	119.8	45	300	300	
	122.4	215	123.16	45	300	300	
	123.4	215	118.12	32	300	300	
	126	215	119.08	32	300	300	
	119.7	215	111.08	32	300	300	
	119.7	215	108.28	32	300	300	
	127.3	250	98.08	32	300	300	
	135.4	250	99.2	32	300	300	
	139.9	250	96.4	16	300	300	
	141	250	97.48	16	300	300	
	146	250	97.96	16	300	300	
	147.6	250	95.36	16	300	300	
	153.6	250	98.24	16	300	300	
	153.6	250	94.46	16	300	300	
	154.4	250	94.64	16	300	300	
	144.5	250	84.86	16	300	300	
	157	250	91.8	16	300	300	
	153.9	250	87.52	16	300	300	
	160.9	250	89.28	16	300	300	
	156.9	250	85.3	16	300	300	
	152.4	250	80.44	16	300	300	
	156.6	250	82.76	16	300	300	
	168.2	250	90.12	16	300	300	
	174.7	255	93.04	16	300	300	
	184.6	255	98.96	16	300	300	
	182.1	255	94.42	16	300	300	
	179.5	255	92.64	16	300	300	
	183.3	255	95.18	16	300	300	
	185.1	270	98.04	16	300	300	
	191.7	270	102.36	16	300	300	
	198.1	270	107.14	16	300	300	
	201.2	270	112.32	16	300	300	
	201.2	270	112.32	16	300	300	
	194.4	270	107.76	16	300	300	
	191.1	270	103.82	16	300	300	
	185.2	270	96.82	16	300	300	
	186.4	270	98.28	16	300	300	
	189.2	270	98.44	16	300	300	
	192.2	270	99.44	16	300	300	
	189.3	270	98.1	16	300	300	
	184.5	275	92.6	16	300	300	
	188.9	275	95.04	16	300	300	
	194.1	275	96.54	16	300	300	
	186.3	275	90.28	16	300	300	
	180.6	275	83.44	16	300	300	
	175.1	275	78.4	16	300	300	
	161.6	275	72.34	16	300	300	
	160.2	275	69.74	16	300	300	
	162.8	275	70.8	16	300	300	
	149.1	275	63.16	16	300	300	
	146	275	60.88	16	300	300	
	144	275	60.56	16	300	300	
	142.4	280	59.5	16	300	300	
	147.3	280	61.1	16	300	300	
	148.1	280	61.74	16	300	300	
	147.2	280	57.5	16	300	300	
	143.8	280	58.18	16	300	300	
	132.9	280	52.34	16	300	300	
	136.9	280	54.2	16	300	300	
	138.9	280	54.68	16	300	300	
	161.3	280	67.84	16	300	300	
	158.3	280	66.1	16	300	300	
	158.3	280	66.1	16	300	300	
	147.7	280	60.2	16	300	300	
	147.7	280	59.72	16	300	300	
	147.7	280	59.72	16	300	300	
	147.2	285	57.92	16	300	300	
	147.2	285	57.92	16	300	300	
	147.2	285	57.92	16	300	300	
	149.5	285	58.24	16	300	300	
	153.2	285	59.94	16	300	300	
	144.7	285	55.58	16	300	300	
	152.5	285	59.14	16	300	300	
	154.5	285	59.62	16	300	300	
	156.8	285	60.1	16	300	300	
	158.8	285	60.58	16	300	300	
	162.7	285	60.9	0	300	300	
	162.7	285	61.8	0	300	300	
	171.1	285	66.48	0	300	300	
	163.3	285	62.76	0	300	300	
	153.8	285	60.84	0	300	300	
	145.8	285	59.24	0	300	300	
	145.9	285	59.4	0	300	300	
	145.9	285	59.4	0	300	300	
	149.9	285	61.2	0	300	300	
	154	285	63.06	0	300	300	
	145.7	285	57.38	0	300	300	
	146	285	57.38	0	300	300	
	146.1	285	57.38	0	300	300	
	146.4	285	57.22	0	300	300	
	158.7	285	63.54	0	300	300	
	153.3	285	60.04	0	300	300	
	149.6	285	58.5	0	300	300	
	162.3	285	66.2	0	300	300	
	162.5	285	65.24	0	300	300	

	117.4	190	251.8	180	300	300	
	127.6	190	233.46	180	300	300	
	130.2	190	219.82	146	300	300	
	132.6	190	216.02	135	300	300	
	126	190	199.92	122	300	300	
	128.3	235	188.42	122	300	300	
	136.3	235	184.8	122	300	300	
	139	235	184.12	122	300	300	
	140.6	235	183.38	122	300	300	
	136.4	235	174.7	109	300	300	
	143.6	235	178.64	106	300	300	
	143	235	175.24	106	300	300	
	152.2	235	174.26	106	300	300	
	150.1	235	168.48	85	300	300	
	151.3	235	167.54	85	300	300	
	150.3	235	165.32	85	300	300	
	153.3	235	169.66	85	300	300	
	154.2	235	165.9	77	300	300	
	153.9	235	155.46	77	300	300	
	154.2	235	154.52	77	300	300	
	150.5	235	149.96	77	300	300	
	149.6	235	148.96	77	300	300	
	144.8	235	141.32	77	300	300	
	153.3	240	149.38	77	300	300	
	153.8	240	141.52	77	300	300	
	159.9	240	147.04	61	300	300	
	160.4	240	145.14	61	300	300	
	160.3	240	142.84	61	300	300	
	168.1	245	148.58	61	300	300	
	170.2	245	149.54	61	300	300	
	183.1	245	160.76	61	300	300	
	186.3	245	160.24	61	300	300	
	187.8	245	160.82	61	300	300	
	186.7	245	158.6	61	300	300	
	189	245	159.54	61	300	300	
	186.2	260	153.92	61	300	300	
	181.7	260	144.16	61	300	300	
	181.6	260	143.58	61	300	300	
	179.3	260	142.1	61	300	300	
	178.4	260	138.66	61	300	300	
	178.7	260	137.08	61	300	300	
	184.6	260	144.26	61	300	300	
	183.6	290	135.86	61	300	300	
	182.1	290	133.2	61	300	300	
	182.4	290	132	61	300	300	
	182.8	290	131.9	61	300	300	
	182.5	290	129.86	61	300	300	
	185.2	290	131.84	61	300	300	
	174.8	290	117.7	61	300	300	
	179.4	290	120.58	61	300	300	
	172.8	290	113.42	61	300	300	
	173.2	290	111.42	61	300	300	
	169.7	290	108.02	61	300	300	
	175.6	290	111.4	61	300	300	
	178	290	111.56	61	300	300	
	176.1	290	108.36	45	300	300	
	176.1	290	108.36	45	300	300	
	177.9	290	109.16	45	300	300	
	174.8	290	105.92	45	300	300	
	176.4	290	107.14	45	300	300	
	175.8	290	105.28	45	300	300	
	176.6	290	105.86	45	300	300	
	174.6	290	104.22	45	300	300	
	174.6	290	104.22	45	300	300	
	175.2	290	104.48	45	300	300	
	174.9	290	103.68	45	300	300	
	168.9	290	94.12	45	300	300	
	168.8	290	93.8	45	300	300	
	167.1	290	92.1	45	300	300	
	165.5	290	90.66	45	300	300	
	165.5	290	90.66	45	300	300	
	165.5	290	90.66	45	300	300	
	164.8	290	90.34	45	300	300	
	166.3	290	91.3	45	300	300	
	168.9	290	92.84	45	300	300	
	171.9	295	95.18	45	300	300	
	176.3	295	100.8	45	300	300	
	179.1	295	100.76	45	300	300	
	187.6	295	106.92	45	300	300	
	186.9	295	105.84	45	300	300	
	186.9	295	105.84	45	300	300	
	191	295	109.04	45	300	300	
	194.1	295	111.22	45	300	300	
	193.2	295	109.36	45	300	300	
	203.5	295	115.5	45	300	300	
	204.5	295	116.14	45	300	300	
	206.2	295	117.9	45	300	300	
	204.5	295	115.24	45	300	300	
	204.8	295	115.56	45	300	300	
	201.9	295	112.74	45	300	300	
	204.6	295	115.18	45	300	300	
	203.8	295	112.8	45	300	300	
	206.1	295	113.92	45	300	300	
	210.6	295	116.32	45	300	300	
	210.5	295	116	45	300	300	
	210.7	295	116	45	300	300	
	208.9	295	111.44	45	300	300	
	210.1	295	112.02	45	300	300	
	206.9	295	108.46	45	300	300	
	206	295	107.5	45	300	300	
	207	295	108.36	45	300	300	

	83.4	140	167.28	132	300	300	
	91.8	140	153.64	87	300	300	
	97	140	147.02	87	300	300	
	98.5	140	140.22	87	300	300	
	101.9	140	138.12	87	300	300	
	104.1	140	134.26	87	300	300	
	112.4	155	128.14	85	300	300	
	111.7	160	123.6	45	300	300	
	111.6	160	120.84	45	300	300	
	111	160	120.26	45	300	300	
	112.1	160	119.58	45	300	300	
	111.9	160	114.68	45	300	300	
	111.4	160	103.02	45	300	300	
	114	185	103.98	45	300	300	
	117.8	185	104.9	45	300	300	
	117.1	185	103.16	13	300	300	
	119.1	185	102.2	13	300	300	
	119.2	185	98.66	13	300	300	
	121.3	185	93.8	13	300	300	
	119.7	185	91.88	13	300	300	
	120.1	185	90.76	13	300	300	
	120.8	185	90.9	13	300	300	
	120.4	185	89.9	13	300	300	
	121.2	185	89.64	13	300	300	
	129.2	185	96.1	13	300	300	
	138.6	190	103.64	13	300	300	
	135.3	190	99.72	13	300	300	
	135.3	190	99.24	13	300	300	
	131.1	190	95.06	13	300	300	
	132.9	190	95.54	13	300	300	
	129.9	195	85.2	13	300	300	
	129.3	195	83.4	13	300	300	
	129.7	200	82.18	13	300	300	
	125.7	200	76.78	13	300	300	
	123.1	200	70.8	13	300	300	
	122.1	200	66.42	13	300	300	
	130.8	205	70.82	13	300	300	
	129.6	205	68.66	13	300	300	
	133.3	205	71.46	13	300	300	
	127.8	205	63.4	13	300	300	
	130.8	205	62.64	13	300	300	
	130.9	205	62.64	13	300	300	
	128.6	205	55.7	13	300	300	
	129.9	205	54.58	13	300	300	
	128.9	205	52.56	13	300	300	
	129	205	50.64	13	300	300	
	122.3	205	42.5	13	300	300	
	126.6	205	43.76	13	300	300	
	138.5	205	54.74	13	300	300	
	146.4	205	58.4	13	300	300	
	145.5	205	56.7	13	300	300	
	145.6	205	55.64	13	300	300	
	146.3	205	54.64	13	300	300	
	147.3	205	55.76	13	300	300	
	138.5	210	46.16	13	300	300	
	133.4	210	40.38	13	300	300	
	138.5	210	43.04	13	300	300	
	144.4	210	46.42	13	300	300	
	151.7	210	48.62	13	300	300	
	152.6	210	47.18	13	300	300	
	147.3	210	41.5	13	300	300	
	148.9	210	41.44	13	300	300	
	144.6	210	38.88	13	300	300	
	143.6	210	38.5	13	300	300	
	144.6	210	37.96	13	300	300	
	145.6	210	37.1	13	300	300	
	145.7	210	37.1	13	300	300	
	149.5	210	38.9	13	300	300	
	151.1	210	40.02	13	300	300	
	155.1	210	41.82	13	300	300	
	160.5	210	45.6	13	300	300	
	163.9	210	46.7	13	300	300	
	157.7	210	43.2	13	300	300	
	166.9	210	48.18	13	300	300	
	171.3	210	51.38	13	300	300	
	175.7	210	52.16	13	300	300	
	175.6	210	52.12	13	300	300	
	179.5	210	52.74	13	300	300	
	175.3	210	51.06	13	300	300	
	172.1	210	49.9	13	300	300	
	179.2	210	53.3	13	300	300	
	185.5	210	52.74	13	300	300	
	187.1	210	53.26	13	300	300	
	193.8	210	54.96	13	300	300	
	193.8	210	54.96	13	300	300	
	192.1	210	55.66	13	300	300	
	189.4	210	54.82	13	300	300	
	190.4	210	55.62	13	300	300	
	188	210	54.16	13	300	300	
	184.7	210	53.64	13	300	300	
	183.6	210	53.38	13	300	300	
	183.6	210	53.38	13	300	300	
	186.1	210	53.96	13	300	300	
	188.2	210	55.34	13	300	300	
	185.9	210	54.18	13	300	300	
	186.2	210	55.14	13	300	300	
	186.2	210	55.14	13	300	300	
	184.6	210	54.56	13	300	300	
	182.9	210	53.44	13	300	300	
	179.5	210	51.48	13	300	300	
	175.1	210	49.16	13	300	300	

	73.7	115	137.68	90	300	300	
	85.2	115	124.94	61	300	300	
	88.4	140	117.02	61	300	300	
	88.8	140	109.46	61	300	300	
	89.5	140	101.42	32	300	300	
	90.9	140	96.56	32	300	300	
	99.2	140	84.44	32	300	300	
	99.6	140	80.74	32	300	300	
	100.3	140	78.9	32	300	300	
	100.4	140	77.1	32	300	300	
	97.8	140	73.72	32	300	300	
	94.7	140	69.54	32	300	300	
	101.7	140	69.14	24	300	300	
	103.5	140	69.14	24	300	300	
	104.5	140	67.34	16	300	300	
	107.5	140	67.54	16	300	300	
	108.2	140	67.34	16	300	300	
	111	140	66.52	16	300	300	
	117.3	140	67.98	16	300	300	
	119.4	140	69.28	16	300	300	
	118.7	140	67	16	300	300	
	117.6	140	65.2	16	300	300	
	116.4	140	59.38	16	300	300	
	115.7	140	56.42	16	300	300	
	116.4	145	47.46	16	300	300	
	117	145	46.92	16	300	300	
	117.7	145	46.86	16	300	300	
	120	145	47.7	16	300	300	
	117.8	145	36.62	16	300	300	
	114.8	145	33.42	16	300	300	
	111.5	160	24.96	16	300	300	
	119.4	160	28.18	16	300	300	
	119.6	160	26.34	16	300	300	
	123.8	160	28.58	16	300	300	
	129.2	160	31.78	16	300	300	
	130.5	165	31.72	16	300	300	
	144.4	165	37.94	16	300	300	
	141.8	165	34.38	16	300	300	
	143.8	165	35.94	16	300	300	
	141.7	165	33.3	16	300	300	
	142.9	165	33.62	16	300	300	
	143.9	165	34.52	16	300	300	
	141.4	165	28.32	16	300	300	
	141.1	165	28	16	300	300	
	142.7	165	29.12	16	300	300	
	141.8	165	27.3	16	300	300	
	145.3	165	31.44	16	300	300	
	146.2	165	32.4	16	300	300	
	148.5	165	32.84	16	300	300	
	149.8	165	34.6	16	300	300	
	150.5	170	33.64	16	300	300	
	151.8	170	34.28	16	300	300	
	151.9	170	34.12	16	300	300	
	153.2	170	35.72	16	300	300	
	150.8	170	29.92	16	300	300	
	148.7	170	24	16	300	300	
	148.1	170	22.56	16	300	300	
	149.4	170	22.88	16	300	300	
	150.8	170	23.84	16	300	300	
	154	170	26.92	16	300	300	
	157.8	170	27.18	16	300	300	
	158	170	25.48	16	300	300	
	158.1	170	24.36	16	300	300	
	160.9	175	27.34	16	300	300	
	161.7	175	23.62	16	300	300	
	161.2	175	21	16	300	300	
	163.5	175	23.6	16	300	300	
	162.8	175	18.88	16	300	300	
	163.5	175	19.2	16	300	300	
	164.7	175	19.52	16	300	300	
	166.7	175	20.9	16	300	300	
	167.6	180	19.68	16	300	300	
	169.8	185	20.32	16	300	300	
	171.3	185	20.96	16	300	300	
	172	185	19.62	16	300	300	
	173.8	185	20.2	16	300	300	
	174.7	185	19.88	16	300	300	
	176	185	19.04	16	300	300	
	177.2	185	16.96	16	300	300	
	177.8	185	16.96	16	300	300	
	178.5	185	16.96	16	300	300	
	179.3	185	17.12	16	300	300	
	180.1	185	16.8	16	300	300	
	180.4	185	16.16	16	300	300	
	180.4	185	16.16	16	300	300	
	180.4	185	16.16	16	300	300	
	180.4	185	16.16	16	300	300	
	180.6	185	16.32	16	300	300	
	180.7	185	16.48	16	300	300	
	180.8	185	16.48	16	300	300	
	181	185	16.64	16	300	300	
	181	185	16.64	16	300	300	
	181.1	185	16.64	16	300	300	
	181.2	185	16.8	16	300	300	
	181.4	185	16.8	16	300	300	
	181.4	185	16.8	16	300	300	
	181.6	185	16.96	16	300	300	
	181.7	185	16.96	16	300	300	
	181.6	185	16.8	16	300	300	
	181.9	185	16.8	16	300	300	
	182	185	16.8	16	300	300	

	62	105	123.32	74	300	300	
	71	105	113.38	74	300	300	
	79.9	110	111.16	74	300	300	
	79.9	110	105.32	74	300	300	
	81.6	115	98.26	69	300	300	
	86	115	96.58	48	300	300	
	96.9	115	91.02	48	300	300	
	96.7	115	86.12	48	300	300	
	96.5	115	80.86	48	300	300	
	93.8	115	72.64	29	300	300	
	93.1	135	68.54	29	300	300	
	96.2	135	65.56	16	300	300	
	100.7	135	58.68	16	300	300	
	99.8	135	55.22	16	300	300	
	97.9	135	51.18	16	300	300	
	97.4	135	47.42	16	300	300	
	96.3	135	43.72	16	300	300	
	98	135	39.76	8	300	300	
	104.9	135	37.66	8	300	300	
	107.1	135	38.28	8	300	300	
	110.6	135	39.06	8	300	300	
	111.7	135	38.58	8	300	300	
	114.6	135	38.4	8	300	300	
	111.9	140	36.3	8	300	300	
	119.2	140	38.2	0	300	300	
	125.3	155	42.38	0	300	300	
	124.5	155	39.38	0	300	300	
	124.9	155	39.58	0	300	300	
	128.5	155	43.46	0	300	300	
	126.9	155	39.42	0	300	300	
	123.9	155	33.08	0	300	300	
	125.5	155	33.2	0	300	300	
	125.1	155	30.76	0	300	300	
	121.7	155	26.92	0	300	300	
	120.2	155	23.4	0	300	300	
	124.4	155	28.2	0	300	300	
	126.4	155	24	0	300	300	
	118.4	155	14.24	0	300	300	
	113	155	6.56	0	300	300	
	113.5	155	6.56	0	300	300	
	112	155	4.64	0	300	300	
	114.4	155	6.56	0	300	300	
	115.2	155	6.4	0	300	300	
	115.3	155	6.56	0	300	300	
	115.4	155	6.72	0	300	300	
	115.5	155	6.72	0	300	300	
	116.5	155	7.84	0	300	300	
	117.3	155	8.8	0	300	300	
	116.9	155	7.52	0	300	300	
	119.4	155	10.4	0	300	300	
	119.1	155	9.76	0	300	300	
	119.2	155	9.76	0	300	300	
	119.7	155	10.08	0	300	300	
	119.8	155	9.92	0	300	300	
	120.7	155	9.28	0	300	300	
	124	155	12.16	0	300	300	
	121.4	155	7.68	0	300	300	
	123.8	155	10.56	0	300	300	
	125.4	155	12.48	0	300	300	
	127	155	14.4	0	300	300	
	124.6	155	11.52	0	300	300	
	127	155	14.4	0	300	300	
	128.6	155	16.32	0	300	300	
	129.4	155	17.28	0	300	300	
	131.8	155	20.16	0	300	300	
	130.2	155	18.24	0	300	300	
	125.4	155	12.48	0	300	300	
	125.4	155	12.48	0	300	300	
	127	155	14.4	0	300	300	
	127.8	155	15.36	0	300	300	
	129.4	155	17.28	0	300	300	
	128.6	155	16.32	0	300	300	
	126.2	155	13.44	0	300	300	
	127.8	155	15.36	0	300	300	
	131	155	19.2	0	300	300	
	131.8	155	20.16	0	300	300	
	129.4	155	17.28	0	300	300	
	129.4	155	17.28	0	300	300	
	125.5	160	12.96	0	300	300	
	125.5	160	12.96	0	300	300	
	125.5	160	12.96	0	300	300	
	126.3	160	13.92	0	300	300	
	127.1	160	14.88	0	300	300	
	127.9	160	15.84	0	300	300	
	122.3	160	9.12	0	300	300	
	118.3	160	4.32	0	300	300	
	119.1	160	5.28	0	300	300	
	119.1	160	5.28	0	300	300	
	119.1	160	5.28	0	300	300	
	119.1	160	5.28	0	300	300	
	118.3	160	4.32	0	300	300	
	119.1	160	5.28	0	300	300	
	119.1	160	5.28	0	300	300	
	119.1	160	5.28	0	300	300	
	119.1	160	5.28	0	300	300	
	119.1	160	5.28	0	300	300	
	118.3	160	4.32	0	300	300	
	119.1	160	5.28	0	300	300	
	119.1	160	5.28	0	300	300	
	118.3	160	4.32	0	300	300	
	118.3	160	4.32	0	300	300	

	37.9	70	58.66	26	300	300	
	45.9	80	50.16	26	300	300	
	51.3	80	49.28	26	300	300	
	56.6	105	49.06	26	300	300	
	59.2	105	46.64	26	300	300	
	63.2	105	47.36	26	300	300	
	71.2	110	45.6	26	300	300	
	73.7	110	45.5	26	300	300	
	76.4	110	44.08	26	300	300	
	78.1	110	43.26	26	300	300	
	80.6	110	43.44	26	300	300	
	84.4	110	45.92	26	300	300	
	91.9	115	46.8	26	300	300	
	90.5	120	42.04	26	300	300	
	91.4	120	39.88	26	300	300	
	89.6	120	35.48	13	300	300	
	88.8	120	33.32	13	300	300	
	84.8	120	29.52	13	300	300	
	85.7	120	27.66	13	300	300	
	85.2	120	27.4	13	300	300	
	85.4	120	27.46	13	300	300	
	85.9	120	27.2	13	300	300	
	90.6	120	28.76	13	300	300	
	90.9	120	28.52	13	300	300	
	91.5	120	26.9	13	300	300	
	92.9	120	25.92	13	300	300	
	94.9	120	25.92	13	300	300	
	94.4	120	24.62	13	300	300	
	95	120	22.86	13	300	300	
	95.3	120	21.3	13	300	300	
	98.8	120	23	13	300	300	
	100.6	120	24.3	13	300	300	
	102.1	120	24.24	13	300	300	
	96.8	125	20.02	13	300	300	
	97.2	125	19.5	13	300	300	
	99.6	125	21.32	13	300	300	
	94.6	125	16.64	13	300	300	
	95.5	125	17.16	13	300	300	
	96.5	125	17.94	13	300	300	
	97.5	125	19.04	13	300	300	
	98.9	125	19.3	13	300	300	
	100.4	125	19.82	13	300	300	
	103.7	125	20.28	13	300	300	
	105.3	125	21.32	13	300	300	
	107.9	130	24.04	13	300	300	
	106.1	130	21.64	13	300	300	
	103	130	18.52	13	300	300	
	101.7	130	16.96	13	300	300	
	102.6	130	15.92	13	300	300	
	101.2	130	14.04	13	300	300	
	101.2	130	14.04	13	300	300	
	101.2	130	14.04	13	300	300	
	101.3	130	14.36	13	300	300	
	101.3	130	14.36	13	300	300	
	101.4	130	14.68	13	300	300	
	101.4	130	14.68	13	300	300	
	101.4	130	14.68	13	300	300	
	101.4	130	14.68	13	300	300	
	101.4	130	14.68	13	300	300	
	101.5	130	14.68	13	300	300	
	102.3	130	15.52	13	300	300	
	102.8	130	15.72	13	300	300	
	103	130	16.04	13	300	300	
	103.3	130	16.68	13	300	300	
	104	130	16.88	13	300	300	
	104.1	130	16.56	13	300	300	
	105.1	130	16.24	13	300	300	
	105.9	130	16.24	13	300	300	
	107.2	130	15.6	13	300	300	
	106	130	14.04	13	300	300	
	106	130	14.04	13	300	300	
	106	130	14.04	13	300	300	
	106	130	14.04	13	300	300	
	106	130	14.04	13	300	300	
	106	130	14.04	13	300	300	
	106	130	14.04	13	300	300	
	106	130	14.04	13	300	300	
	106	130	14.04	13	300	300	
	106	130	14.04	13	300	300	
	106	130	14.04	13	300	300	

	16.8	35	25.74	13	300	300	
	24.2	50	24.96	13	300	300	
	29.2	50	22.88	13	300	300	
	32.5	70	21.06	13	300	300	
	33.5	70	17.42	0	300	300	
	36.6	70	17.32	0	300	300	
	40.6	70	14.1	0	300	300	
	43.8	70	13.84	0	300	300	
	42.4	70	9.16	0	300	300	
	42.8	70	7.46	0	300	300	
	49.4	70	10.12	0	300	300	
	56.2	70	14.44	0	300	300	
	61.3	75	11.28	0	300	300	
	65	80	10.54	0	300	300	
	67.3	80	9.28	0	300	300	
	69.4	85	8.08	0	300	300	
	71.5	85	6.58	0	300	300	
	72.7	85	4.8	0	300	300	
	74.8	85	2.94	0	300	300	
	76	85	1.68	0	300	300	
	77.7	90	2.42	0	300	300	
	80.3	90	2.42	0	300	300	
	81.2	90	1	0	300	300	
	82.6	90	0.32	0	300	300	
	83.6	90	0.32	0	300	300	
	85.4	90	0.32	0	300	300	
	86.9	90	0	0	300	300	
	87.6	90	0	0	300	300	
	88.3	90	0	0	300	300	
	89.4	90	0	0	300	300	
	89.8	95	0	0	300	300	
	90.3	95	0	0	300	300	
	90.6	95	0.16	0	300	300	
	90.8	95	0.16	0	300	300	
	91.3	95	0.32	0	300	300	
	91.8	95	0.48	0	300	300	
	92.9	95	0.64	0	300	300	
	93.3	95	0.32	0	300	300	
	94.3	95	0.32	0	300	300	
	95	95	0	0	300	300	
	95	95	0	0	300	300	
	95	95	0	0	300	300	
	95	95	0	0	300	300	
	95.1	100	0	0	300	300	
	95.2	100	0	0	300	300	
	95.5	100	0	0	300	300	
	96	100	0.16	0	300	300	
	96.7	100	0.48	0	300	300	
	97.2	100	0.32	0	300	300	
	98.1	100	0.32	0	300	300	
	99.4	100	0.32	0	300	300	
	100	100	0	0	300	300	
	100	100	0	0	300	300	
	100	100	0	0	300	300	
	100	100	0	0	300	300	
	100	100	0	0	300	300	
	100	100	0	0	300	300	
	100	100	0	0	300	300	
	100	100	0	0	300	300	
	100	100	0	0	300	300	
	100	100	0	0	300	300	
	100	100	0	0	300	300	

	20.9	45	24.86	13	300	300	
	27.2	45	24.08	13	300	300	
	32.2	45	21.74	13	300	300	
	33.6	45	20.96	13	300	300	
	37.2	60	21.84	13	300	300	
	39.1	60	19.24	0	300	300	
	45.4	65	17.68	0	300	300	
	47.7	65	17.94	0	300	300	
	48.4	65	16.38	0	300	300	
	50.4	65	16.64	0	300	300	
	50.1	65	14.3	0	300	300	
	50.9	65	14.1	0	300	300	
	56.8	70	14.72	0	300	300	
	58.9	70	16.64	0	300	300	
	59	70	14.3	0	300	300	
	58.9	70	13.26	0	300	300	
	60.2	70	14.04	0	300	300	
	61.9	70	15.34	0	300	300	
	63.4	95	10.92	0	299.74	293	
	63.4	95	10.4	0	299.74	293	
	63.8	95	10.4	0	299.74	293	
	64.1	95	10.4	0	299.74	293	
	65	95	10.14	0	299.74	293	
	66.2	95	9.88	0	299.74	293	
	68.5	95	7.8	0	299.74	293	
	70	95	9.1	0	299.74	293	
	70.3	95	8.58	0	299.74	293	
	72.3	95	9.88	0	299.74	293	
	72.8	95	9.78	0	299.46	286	
	72.5	95	9.16	0	299.46	286	
	72.2	95	4.18	0	298.14	257	
	72	95	2.88	0	298.14	257	
	71.3	95	2.1	0	297.5	257	
	72.8	95	2.26	0	297.5	257	
	75.6	95	3.36	0	297.5	257	
	76	95	1.78	0	297.5	257	
	78.2	95	0.78	0	297.44	256	
	80.4	95	1.3	0	297.44	256	
	81.8	95	1.2	0	297.12	256	
	83.2	95	0.78	0	297.42	256	
	85	95	1.04	0	296.56	256	
	86.5	95	0.78	0	297.4	256	
	87.1	95	0.68	0	298.22	255	
	88.4	95	0.68	0	298.22	255	
	90	95	0.68	0	298.22	255	
	90.5	95	0.78	0	296.9	255	
	91	95	1.3	0	295.22	255	
	91.7	95	2.6	0	292.14	254	
	92.9	95	4.42	0	286.42	252	
	93.5	95	4.42	0	282.74	251	
	95	95	6.24	0	274.72	249	
	95	95	7.54	0	268.8	249	
	95	95	8.84	0	262.46	233	
	95	95	9.62	0	259.16	233	
	95	95	9.36	0	257.22	233	
	95	95	8.32	0	257.32	233	
	95	95	7.02	0	258.26	233	
	95	95	5.98	0	258.12	233	
	95	95	5.36	0	256.44	233	
	95	95	5.78	0	254.36	233	
	95	95	3.02	0	253.98	233	
	95	95	3.44	0	251.16	222	
	95	95	3.5	0	248.72	222	
	95	95	4.8	0	245.94	220	
	95	95	4.8	0	245.28	220	
	95	95	6.26	0	241.68	220	
	95	95	5.8	0	239.5	220	
	95	95	6.64	0	237.78	220	
	95	95	7.16	0	235.9	220	
	95	95	8.1	0	232.06	211	
	95	95	7.12	0	231.3	211	
	95	95	7.24	0	228.3	211	
	95	95	5.54	0	225.88	211	
	95	95	5.24	0	223.46	209	
	95	95	5.28	0	221	209	
	95	95	5.34	0	219	209	
	95	95	4.34	0	217.6	209	
	95	95	3.88	0	216	209	
	95	95	4.48	0	213	204	
	95	95	5.6	0	211.44	204	
	95	95	4.64	0	210.56	204	
	95	95	3.68	0	209.64	204	
	95	95	2.72	0	208.86	204	
	95	95	1.44	0	208.04	204	
	95	95	0.32	0	207.54	204	
	95	95	0.48	0	207.06	204	
	95	95	0.16	0	206.66	204	
	95	95	0.16	0	206.04	204	
	95	95	0	0	205.76	204	
	95	95	0	0	205.52	204	
	95	95	0	0	205.26	204	
	95	95	0	0	205.12	204	
	95	95	0	0	204.86	203	
	95	95	0	0	204.74	203	
	95	95	0	0	204.58	203	
	95	95	0	0	204.44	203	
	95	95	0	0	204.36	203	
	95	95	0	0	204.16	202	
	95	95	0	0	204.02	202	

	3.4	20	13	13	300	300	
	6.2	30	12.74	0	297.8	190	
	8.5	30	12.74	0	297.8	190	
	11	30	12.74	0	297.8	190	
	14	30	12.74	0	297.8	190	
	16.5	30	12.74	0	297.8	190	
	18.1	30	12.48	0	295.6	190	
	19.8	30	12.38	0	293.72	190	
	21.4	30	12.12	0	292.58	190	
	22.6	30	11.5	0	287.68	181	
	24.1	30	10.72	0	281.6	176	
	26.1	30	9.42	0	273.72	176	
	27.8	30	5.84	0	247.4	176	
	28.9	30	2.84	0	229.48	176	
	30	30	1.6	0	205.12	176	
	30	30	1.28	0	193.4	171	
	30	30	0.64	0	185.32	171	
	30	30	0.64	0	180.56	163	
	30	30	0	0	176.12	163	
	30	30	0.32	0	173.52	163	
	30	30	0.32	0	170.22	160	
	30	30	0.48	0	168.06	160	
	30	30	0.16	0	165.36	154	
	30	30	0	0	163.5	154	
	30	30	0	0	162.22	153	
	30	30	0	0	161.4	153	
	30	30	0	0	160.32	153	
	30	30	0.16	0	159.12	153	
	30	30	0.16	0	157.7	153	
	30	30	0	0	156.06	153	
	30	30	0	0	154.68	152	
	30	30	0	0	154.04	152	
	30	30	0	0	153.5	152	
	30	30	0	0	153.12	152	
	30	30	0	0	152.8	152	
	30	30	0	0	152.64	152	
	30	30	0	0	152.4	151	
	30	30	0	0	152.14	151	
	30	30	0	0	151.9	151	
	30	30	0	0	151.86	151	


start:
	90.6	195	170.54	90	300	300	
	95.3	195	151.12	61	300	300	
	96.1	195	143.52	45	300	300	
	97.4	195	137.32	45	300	300	
	95.1	195	125.68	45	300	300	
	100.1	195	126.82	32	300	300	
	121.7	230	134.84	32	300	300	
	123.8	230	134.56	32	300	300	
	127.6	230	135.76	32	300	300	
	127.8	230	133.26	32	300	300	
	128.2	230	129.54	32	300	300	
	126.9	230	127.74	32	300	300	
	131.8	230	118.18	32	300	300	
	130.6	230	115.46	32	300	300	
	129.7	230	113.56	32	300	300	
	133.2	230	118.12	32	300	300	
	130.2	230	113.28	32	300	300	
	133.7	230	115.94	32	300	300	
	139.4	270	110.3	32	300	300	
	139.4	270	108.12	32	300	300	
	136.6	270	105.26	32	300	300	
	141.8	270	110.98	32	300	300	
	144.1	270	110.72	32	300	300	
	145.8	270	109.46	32	300	300	
	146.2	270	103.72	32	300	300	
	147.3	270	103.82	32	300	300	
	145.5	270	102.72	32	300	300	
	145.6	270	102.5	32	300	300	
	146.5	270	103.02	32	300	300	
	149.6	270	102.18	16	300	300	
	155	270	104.72	16	300	300	
	155.4	270	103.78	16	300	300	
	159.2	270	105.74	16	300	300	
	159.7	270	105.26	16	300	300	
	161.6	270	104.4	16	300	300	
	165.7	275	107.26	16	300	300	
	175.3	275	112.34	16	300	300	
	174.8	275	108.64	16	300	300	
	159.8	275	94.16	16	300	300	
	162.4	275	95.7	16	300	300	
	157.5	275	91.24	16	300	300	
	160.6	275	93.84	16	300	300	
	168	275	96.82	16	300	300	
	168.9	275	96.98	16	300	300	
	171.6	275	99.26	16	300	300	
	171.4	275	97.4	16	300	300	
	175	275	100.68	16	300	300	
	175	275	100.68	16	300	300	
	179.8	275	104.4	16	300	300	
	179.8	275	104.4	16	300	300	
	174	275	98.52	16	300	300	
	175.6	275	99.1	16	300	300	
	178.6	275	99.3	16	300	300	
	179.4	275	100.84	16	300	300	
	184.6	275	104.2	16	300	300	
	183.6	275	103.3	16	300	300	
	182	275	102.4	16	300	300	
	182.6	275	100.64	16	300	300	
	170.3	275	90.92	16	300	300	
	174.8	285	92.94	16	300	300	
	180.4	285	99.16	16	300	300	
	179.5	285	95.98	16	300	300	
	181.4	285	96.82	16	300	300	
	182.8	285	98.26	16	300	300	
	179.3	285	92.76	16	300	300	
	177.7	285	90.8	16	300	300	
	182.4	285	89.42	16	300	300	
	185.3	285	89.96	16	300	300	
	185.7	285	92.72	16	300	300	
	183.1	285	90.18	16	300	300	
	184.3	285	89.82	16	300	300	
	183.5	285	89.34	0	300	300	
	183.8	285	89.06	0	300	300	
	181.3	285	87.42	0	300	300	
	181.3	285	87.42	0	300	300	
	177.1	285	82.32	0	300	300	
	178.5	285	83.88	0	300	300	
	175	285	80.54	0	300	300	
	174.7	285	78.2	0	300	300	
	170.1	285	75.44	0	300	300	
	171.3	295	77.78	0	300	300	
	166.4	295	75.82	0	300	300	
	163.7	295	74.44	0	300	300	
	157.9	295	70.78	0	300	300	
	156.8	295	69.24	0	300	300	
	154.6	295	65.9	0	300	300	
	165	295	75.08	0	300	300	
	166.3	295	74.92	0	300	300	
	175.5	295	82.92	0	300	300	
	175.4	295	81.96	0	300	300	
	192.4	295	88.38	0	300	300	
	195.3	295	90.7	0	300	300	
	198.6	295	91.6	0	300	300	
	187.5	295	86.24	0	300	300	
	200.5	295	94.84	0	300	300	
	193.6	295	90.12	0	300	300	
	194.2	295	90.28	0	300	300	
	197.9	295	91.5	0	300	300	
	205.7	295	95.48	0	300	300	
	210.5	295	100.16	0	300	300	
	203.4	295	94.58	0	300	300	

	72.2	140	139.14	71	300	300	
	77.7	140	122.88	71	300	300	
	79.8	140	112.02	50	300	300	
	82.8	140	106	50	300	300	
	85	140	101.44	50	300	300	
	89.5	140	100.56	50	300	300	
	101.7	145	99.74	50	300	300	
	105.4	200	97.5	50	300	300	
	107.1	200	91.68	45	300	300	
	113.9	200	94.1	45	300	300	
	117.3	200	90.98	45	300	300	
	120	200	87.62	45	300	300	
	128.1	205	85.52	45	300	300	
	134.6	205	88.4	45	300	300	
	137.6	205	86.6	45	300	300	
	139.6	205	86.08	45	300	300	
	149	210	87.92	45	300	300	
	152.2	210	83.8	37	300	300	
	164	230	80.42	37	300	300	
	166.5	235	80.52	37	300	300	
	171.9	235	80.74	37	300	300	
	175.2	235	81.8	37	300	300	
	178.3	235	81.28	37	300	300	
	176	235	76.8	37	300	300	
	179.1	250	70.62	37	300	300	
	184.2	250	69.48	37	300	300	
	189.5	250	69.58	37	300	300	
	192.5	250	67.32	37	300	300	
	195.3	250	67.84	37	300	300	
	196	250	67.68	37	300	300	
	206.7	250	65.24	37	300	300	
	210.9	250	64.76	37	300	300	
	219.2	250	67.72	32	300	300	
	226.1	250	66.44	32	300	300	
	229.6	295	61.14	32	300	300	
	233.2	300	58.46	32	300	300	
	246.3	300	56.18	32	300	300	
	249.9	300	53.84	32	300	300	
	256.9	300	56.68	32	300	300	
	264.8	300	57.96	16	300	300	
	270.9	300	52.5	16	300	300	
	275.8	315	52.02	16	300	300	
	283.4	315	51.78	16	300	300	
	281.2	315	44.5	16	300	300	
	284.2	315	42.3	16	300	300	
	283.7	315	38.46	16	300	300	
	284	315	33.96	16	300	300	
	288.4	315	38.18	16	300	300	
	293.1	320	39.56	16	300	300	
	293.8	320	37.5	16	300	300	
	294.8	320	35.38	16	300	300	
	294.6	320	32.48	16	300	300	
	294.3	320	28.66	16	300	300	
	297	320	30.52	16	300	300	
	299.6	320	32.44	16	300	300	
	300.4	325	31.36	16	300	300	
	299.2	325	27.8	16	300	300	
	299.3	325	25.9	16	300	300	
	299.1	325	24.26	16	300	300	
	302.1	325	27.5	16	300	300	
	303.3	325	26.48	16	300	300	
	303.2	325	25.74	16	300	300	
	305.5	325	27.18	16	300	300	
	306.5	325	27.22	16	300	300	
	307.2	325	27.74	16	300	300	
	308.8	325	28.7	16	300	300	
	309.3	330	26.92	16	300	300	
	308.7	330	25.58	16	300	300	
	308.5	330	25.62	16	300	300	
	308	330	23.82	16	300	300	
	310.1	330	25.3	16	300	300	
	311	330	25.72	16	300	300	
	312.7	330	26.92	16	300	300	
	313.2	330	27.08	16	300	300	
	314.1	330	28.04	16	300	300	
	315.3	330	28.94	16	300	300	
	316.1	330	30.08	16	300	300	
	316.4	340	28.08	16	300	300	
	318.5	340	28.76	16	300	300	
	317.8	340	26.12	16	300	300	
	318.2	340	26.12	16	300	300	
	316.6	340	23.14	16	300	300	
	317.1	340	23.24	16	300	300	
	316.9	340	22.08	16	300	300	
	317.7	340	22.66	16	300	300	
	318.8	340	23.56	16	300	300	
	319.3	340	23.36	16	300	300	
	322.6	340	26.6	16	300	300	
	323.4	340	27.18	16	300	300	
	323.4	340	26.3	16	300	300	
	325.5	340	26.66	16	300	300	
	328.5	340	28.52	16	300	300	
	329.7	340	28.36	16	300	300	
	328.5	340	24.62	16	300	300	
	328.9	345	23.84	16	300	300	
	329.7	345	24.16	16	300	300	
	330.5	350	21.76	16	300	300	
	331.7	350	20.46	16	300	300	
	333.8	350	21.42	16	300	300	
	336	350	22.06	16	300	300	
	337.4	350	22.98	16	300	300	


start:
	100.2	195	181.94	90	300	300	
	109.3	230	172.12	90	300	300	
	112.1	230	152.92	45	300	300	
	109.6	230	146.14	45	300	300	
	114.1	230	145.82	45	300	300	
	117	230	146.96	45	300	300	
	137	235	146.64	45	300	300	
	128.6	235	133.22	45	300	300	
	125.5	235	129.12	45	300	300	
	122.4	235	123.24	45	300	300	
	124.5	235	119.58	45	300	300	
	130.4	235	120.62	45	300	300	
	150.5	235	125.5	45	300	300	
	149.9	235	120.96	32	300	300	
	148.5	235	120.64	32	300	300	
	151	235	122.14	32	300	300	
	144.9	235	113.74	16	300	300	
	146.4	235	112.92	16	300	300	
	164.4	235	117.94	16	300	300	
	169.3	235	121.12	16	300	300	
	174.3	240	123.68	16	300	300	
	171.9	240	119.9	16	300	300	
	176.2	240	124.34	16	300	300	
	176	240	125.04	16	300	300	
	177.9	245	115.08	16	300	300	
	180.5	245	116.34	16	300	300	
	176	245	107.96	16	300	300	
	175.5	245	106.8	16	300	300	
	176.8	245	106.1	16	300	300	
	171.9	245	102.02	0	300	300	
	177.1	245	102.76	0	300	300	
	173.1	245	98.4	0	300	300	
	175.8	245	98.6	0	300	300	
	174.1	245	97.16	0	300	300	
	175.8	245	99.54	0	300	300	
	172.1	245	95.14	0	300	300	
	172.9	250	89.3	0	300	300	
	166.5	250	86.34	0	300	300	
	156.1	250	79.28	0	300	300	
	161.9	250	79.64	0	300	300	
	150.5	250	71.46	0	300	300	
	144.8	250	64.94	0	300	300	
	146.6	250	65.6	0	300	300	
	147	250	66.76	0	300	300	
	147	250	66.76	0	300	300	
	147.2	250	66.76	0	300	300	
	147.4	250	67.08	0	300	300	
	147.7	250	67.72	0	300	300	
	152.8	250	69.2	0	300	300	
	162.2	250	75.88	0	300	300	
	161.1	250	72.06	0	300	300	
	161.2	250	72.06	0	300	300	
	161	250	71.48	0	300	300	
	153	250	65.86	0	300	300	
	159.5	250	69.26	0	300	300	
	153.3	250	66.02	0	300	300	
	135.8	250	55.42	0	300	300	
	122.7	260	49.44	0	300	300	
	130.2	260	52.78	0	300	300	
	130.4	260	52.78	0	300	300	
	134	260	54.58	0	300	300	
	142.3	260	59.52	0	300	300	
	149	260	64.62	0	300	300	
	135.9	260	54.58	0	300	300	
	132.2	260	49.66	0	300	300	
	132.5	260	49.66	0	300	300	
	139.5	260	53.7	0	300	300	
	139.6	260	53.7	0	300	300	
	143.5	260	55.5	0	300	300	
	143.8	260	55.5	0	300	300	
	140.4	260	53.7	0	300	300	
	118.5	260	39.38	0	300	300	
	119.3	260	39.64	0	300	300	
	103.7	260	31.46	0	300	300	
	99.5	260	28.06	0	300	300	
	99.5	260	28.06	0	300	300	
	99.5	260	28.06	0	300	300	
	107	260	33.12	0	300	300	
	128.2	260	44.64	0	300	300	
	132.3	260	47.4	0	300	300	
	132.3	260	47.4	0	300	300	
	132.3	260	47.4	0	300	300	
	132.3	260	47.4	0	300	300	
	139.6	260	51.86	0	300	300	
	179.5	260	73.08	0	300	300	
	185.3	260	74.84	0	300	300	
	194.7	260	81.68	0	300	300	
	187.2	260	73.1	0	300	300	
	195.1	260	77.28	0	300	300	
	186.2	260	72.5	0	300	300	
	193.4	260	73.24	0	300	300	
	194.8	260	73.62	0	300	300	
	188.6	260	69.54	0	300	300	
	205.2	260	78.94	0	300	300	
	212.7	260	82.5	0	300	300	
	210.4	260	78.14	0	300	300	
	211.3	260	79.04	0	300	300	
	208.3	260	77.34	0	300	300	
	206.6	260	78.04	0	300	300	
	196	260	73.26	0	300	300	
	193.1	260	70.92	0	300	300	

	96.2	255	172.98	90	300	300	
	105.6	255	158.02	74	300	300	
	107.3	310	141.4	58	300	300	
	112.9	310	136.54	58	300	300	
	122.5	330	137.68	58	300	300	
	120.8	330	128.1	58	300	300	
	139.8	330	120.14	58	300	300	
	145	330	115.64	58	300	300	
	158.7	330	121.06	58	300	300	
	145.4	330	112	58	300	300	
	147.6	330	110.34	45	300	300	
	145.1	330	107.42	29	300	300	
	159.5	335	109.02	13	300	300	
	155.6	335	102.78	13	300	300	
	149.6	335	96.32	13	300	300	
	148.6	335	95.9	13	300	300	
	142.2	335	91.66	13	300	300	
	149.3	335	92.82	13	300	300	
	165.3	335	93.5	13	300	300	
	162.1	335	88	13	300	300	
	163.1	335	86.54	13	300	300	
	171.4	350	88.94	13	300	300	
	175.5	350	89.74	13	300	300	
	183.1	365	92.88	13	300	300	
	200.6	370	95.94	13	300	300	
	199.7	370	94.02	13	300	300	
	216.6	370	101.9	13	300	300	
	217.8	370	93.52	13	300	300	
	224.2	370	90.48	13	300	300	
	241.4	370	96.12	13	300	300	
	247.5	400	90.24	13	300	300	
	245.2	400	86.06	13	300	300	
	234.5	400	81.2	13	300	300	
	248.8	400	84.14	13	300	300	
	258.2	400	83.12	13	300	300	
	268.6	410	86.68	13	300	300	
	274.2	410	85.12	13	300	300	
	280.9	410	84.04	13	300	300	
	271.9	410	75.88	13	300	300	
	271.9	420	73.8	13	300	300	
	280.5	420	77.56	13	300	300	
	279.3	420	76.16	13	300	300	
	257.3	425	63.52	13	300	300	
	256.9	425	62.24	13	300	300	
	245.6	425	57.66	13	300	300	
	246.5	425	58.24	13	300	300	
	247.4	425	57.34	13	300	300	
	272.4	425	67.02	13	300	300	
	298.5	425	75.02	13	300	300	
	313.4	425	79.08	13	300	300	
	323.3	425	83.66	13	300	300	
	322.8	425	82.88	13	300	300	
	320.1	430	81.96	13	300	300	
	322.4	430	82.34	13	300	300	
	339.2	430	86.74	13	300	300	
	338.6	430	85.08	13	300	300	
	338.1	430	84.76	13	300	300	
	339	430	84.66	13	300	300	
	346.6	430	87	13	300	300	
	347.6	430	85.46	13	300	300	
	356.3	430	88.12	13	300	300	
	356.3	430	88.12	13	300	300	
	355.3	430	87.12	13	300	300	
	351.4	430	82.9	13	300	300	
	350.9	430	81.1	13	300	300	
	342.8	430	76.02	13	300	300	
	342.5	430	73.46	13	300	300	
	347.9	430	76.68	13	300	300	
	349.7	430	76.86	13	300	300	
	348.9	430	75.98	13	300	300	
	357	430	81.36	13	300	300	
	355.2	430	79.96	13	300	300	
	344.5	430	70.04	13	300	300	
	341.6	430	68.08	13	300	300	
	343.2	430	68.82	13	300	300	
	339.9	430	66.74	13	300	300	
	342.6	430	68.28	13	300	300	
	336.6	430	64.12	13	300	300	
	346.1	430	68.78	13	300	300	
	348.9	430	70.74	13	300	300	
	348.5	430	70.42	13	300	300	
	349	430	70.32	13	300	300	
	352.9	430	72.7	13	300	300	
	354.8	430	74.08	13	300	300	
	363.4	430	77.26	13	300	300	
	363.1	430	76.32	13	300	300	
	364.4	430	76.96	13	300	300	
	358.4	430	72.62	13	300	300	
	360.1	430	73.42	13	300	300	
	362.4	430	74.94	13	300	300	
	358.7	430	70.86	13	300	300	
	354.4	430	67.42	13	300	300	
	356.5	430	68	13	300	300	
	355	430	66.24	13	300	300	
	355.8	430	66.02	13	300	300	
	355.8	430	65.84	13	300	300	
	354.8	430	64.62	13	300	300	
	354.8	430	64.62	13	300	300	
	358.3	430	66.32	13	300	300	
	356.9	430	65.16	13	300	300	
	357	430	64.96	13	300	300	

	69.9	255	129.24	45	300	300	
	85.2	295	123.88	45	300	300	
	98.1	295	126.64	45	300	300	
	110.9	295	133.4	45	300	300	
	111.9	295	125.3	45	300	300	
	114.1	295	127.9	40	300	300	
	120.6	305	118.26	40	300	300	
	126.2	305	113.7	32	300	300	
	129	305	113.84	29	300	300	
	131	385	107.82	29	300	300	
	142.7	385	119.64	0	300	300	
	141.7	385	116.74	0	300	300	
	162	385	114.28	0	300	300	
	163.8	385	109.16	0	300	300	
	154.2	385	93.76	0	300	300	
	151.9	385	84.38	0	300	300	
	153.8	400	77.06	0	299.9	295	
	154.2	400	68.8	0	299.9	295	
	177.5	400	75.86	0	299.9	295	
	193	400	76.42	0	299.9	295	
	193.9	400	70.12	0	299.9	295	
	210.6	400	70.98	0	299.9	295	
	220.2	400	73.94	0	299.9	295	
	226.4	400	71.54	0	299.54	282	
	245.9	400	68.26	0	298.98	272	
	236.5	400	57.62	0	298.34	272	
	231.7	400	53.02	0	297.88	272	
	249.4	400	55.4	0	297.4	272	
	257.8	400	57.84	0	297.12	272	
	259.5	400	54.88	0	296.6	272	
	269.1	400	50.64	0	295.66	272	
	252.1	400	46.24	0	294.56	262	
	251.9	400	44.12	0	294.48	262	
	242.7	400	42.6	0	294.18	262	
	242.2	400	41.9	0	293.7	262	
	246.3	400	42.54	0	293.58	262	
	232.7	400	36.06	0	294.22	262	
	216.9	400	33.42	0	294.22	262	
	223.6	400	34.74	0	293.66	262	
	253.8	400	41.32	0	293.02	262	
	251.5	400	39.52	0	293.02	262	
	254.5	400	40.68	0	292.7	261	
	270.3	400	41.32	0	293.18	261	
	279.5	400	44.66	0	291.62	252	
	282.2	400	45.5	0	291.28	252	
	285.6	400	46.72	0	290.46	252	
	295.8	400	48.52	0	290.16	252	
	298.6	400	49.2	0	289.8	252	
	297	400	48.04	0	287.78	252	
	293.6	400	46.14	0	287.62	252	
	281	400	43.54	0	288.26	252	
	274.1	400	39.46	0	289.24	252	
	270.6	400	39.02	0	289.24	252	
	271.8	400	39.18	0	289.24	252	
	233.6	400	28.94	0	293.34	252	
	233.6	400	28.94	0	293.34	252	
	234.1	400	28.94	0	293.34	252	
	227.1	400	28.14	0	293.34	252	
	227.4	400	28.14	0	293.34	252	
	218.4	400	26.5	0	293.34	252	
	190.6	400	20.24	0	294.86	252	
	195.8	400	22	0	294	252	
	204.6	400	22.8	0	294	252	
	204.6	400	22.8	0	294	252	
	208.9	400	23.6	0	294	252	
	224.8	400	27.8	0	293.72	252	
	228.8	400	27.38	0	293.08	252	
	236.7	400	28.02	0	293.08	252	
	251	400	30.46	0	293.08	252	
	256.8	400	31.52	0	293.08	252	
	264.7	400	32.16	0	293.08	252	
	260.7	400	31.68	0	293.08	252	
	316.4	400	42.2	0	291.46	252	
	318	400	41.36	0	290.6	252	
	319.8	400	43	0	289.7	252	
	316.2	400	40.08	0	290.56	252	
	312.9	400	38.76	0	290.44	252	
	312.8	400	39.98	0	289.54	252	
	313.1	400	38.54	0	290.28	252	
	310.7	400	38.06	0	290.28	252	
	302.9	400	37.42	0	290.28	252	
	291.6	400	36.62	0	290.28	252	
	286	400	36.88	0	290.16	252	
	278.2	400	36.24	0	290.16	252	
	261.4	400	35.54	0	290.04	252	
	261.6	400	35.7	0	290.04	252	
	279.9	400	41.38	0	288.44	252	
	278.6	400	41.28	0	288.28	252	
	287.7	400	41.6	0	288.28	252	
	287.9	400	41.6	0	288.28	252	
	279.1	400	39	0	289.08	252	
	267.4	400	36.56	0	289.26	252	
	263.6	400	36.24	0	289.12	252	
	265.4	400	36.98	0	289.12	252	
	270.8	400	37.78	0	289.12	252	
	271	400	37.78	0	289.12	252	
	279.9	400	38.42	0	289.12	252	
	279.9	400	38.42	0	289.12	252	
	280	400	38.42	0	289.12	252	
	280.4	400	38.42	0	288.9	252	
	279.2	400	38.06	0	288.9	252	

	75.3	90	92.28	32	272.4	56	
	77.3	90	74.2	32	258.32	56	
	82.7	90	71.54	32	241.88	56	
	84.7	90	68.52	32	229.78	56	
	83.6	90	63.42	32	217.96	56	
	84.2	90	63.34	26	209.78	56	
	87.8	90	51.22	13	173.28	55	
	87.2	90	46.98	13	170.92	55	
	87.4	90	44.62	13	155.6	55	
	88	90	43.54	13	131.36	55	
	88	90	38.92	13	123.54	55	
	86.9	90	34.46	13	123.02	52	
	88.5	90	28.64	13	105.14	52	
	88	90	27.06	13	111.46	52	
	86.7	90	26.14	13	106.48	52	
	87.3	90	26.6	13	93.02	52	
	87.3	90	26.3	13	91.24	50	
	87.1	90	26.2	13	93.98	50	
	88.2	90	24.18	13	101.06	50	
	90	90	25.6	13	71.62	50	
	90	90	25.54	13	71.46	50	
	90	90	25.32	13	68.46	49	
	90	90	23.02	13	71.8	49	
	90	90	22.74	13	70.68	49	
	90	90	22.98	0	62.88	49	
	90	90	22.82	0	61.8	49	
	90	90	22.06	0	61.78	49	
	90	90	22.02	0	62.24	49	
	90	90	21.86	0	62.74	49	
	90	90	22.4	0	60.96	49	
	90	90	19.46	0	61.74	48	
	90	90	19.64	0	60.96	48	
	90	90	17.82	0	61.52	48	
	90	90	17.66	0	61.5	48	
	90	90	17.18	0	62.02	48	
	90	90	16.76	0	62.54	48	
	90	90	16.02	0	64.6	48	
	90	90	15.54	0	65.18	48	
	90	90	14.84	0	66.9	47	
	90	90	15.64	0	63.92	47	
	90	90	15.38	0	64.54	47	
	90	90	15.6	0	63.14	47	
	90	90	16.9	0	58.36	47	
	90	90	17.48	0	55.8	47	
	90	90	17.16	0	55.72	47	
	90	90	17.16	0	56.24	47	
	90	90	17.48	0	56.2	47	
	90	90	17.64	0	56.16	47	
	90	90	15.18	0	58.56	47	
	90	90	13.68	0	60.96	47	
	90	90	15.64	0	58.02	47	
	90	90	17.46	0	54.42	47	
	90	90	17.4	0	53.54	47	
	90	90	17.82	0	53.9	47	
	90	90	17.56	0	53.32	47	
	90	90	17.56	0	53.18	47	
	90	90	17.68	0	52.58	47	
	90	90	17.48	0	52.02	47	
	90	90	17.96	0	51.42	47	
	90	90	17.92	0	50.9	47	
	90	90	18.08	0	50.78	47	
	90	90	18.24	0	50.74	47	
	90	90	18.4	0	50.72	47	
	90	90	18.56	0	50.22	47	
	90	90	18.72	0	50.2	47	
	90	90	18.98	0	50.32	47	
	90	90	19.62	0	50.68	47	
	90	90	19.72	0	50.84	47	
	90	90	19.18	0	51.1	47	
	90	90	19.18	0	51.08	47	
	90	90	18.96	0	51.26	47	
	90	90	18.42	0	51.94	47	
	90	90	17.34	0	52.88	47	
	90	90	17.2	0	53.36	47	
	90	90	17.48	0	52.96	47	
	90	90	17.64	0	52.84	47	
	90	90	16.36	0	53.42	47	
	90	90	16.36	0	53.42	47	
	90	90	15.5	0	54	47	
	90	90	15.02	0	54.56	47	
	90	90	14.48	0	55.72	47	
	90	90	14.48	0	55.7	47	
	90	90	14.36	0	55.98	47	
	90	90	14.04	0	56.52	47	
	90	90	13.62	0	56.82	47	
	90	90	13.52	0	57.12	47	
	90	90	13.36	0	57.1	47	
	90	90	13.04	0	57.64	47	
	90	90	13.04	0	57.54	47	
	90	90	13.84	0	56.36	47	
	90	90	14.9	0	55.24	46	
	90	90	14.42	0	55.76	46	
	90	90	15.22	0	54.98	46	
	90	90	15	0	55.04	46	
	90	90	15	0	55.02	46	
	90	90	15	0	55.02	46	
	90	90	14.3	0	55.12	46	
	90	90	14.72	0	54.64	46	
	90	90	14.88	0	54.18	46	
	90	90	15.36	0	53.22	46	
	90	90	15.52	0	52.76	46	


start:
	98.3	190	186.22	77	300	300	
	99.6	190	159.34	77	300	300	
	99	190	145.48	45	300	300	
	94.4	190	131.72	45	300	300	
	93.2	190	124.52	45	300	300	
	97	190	124.38	45	300	300	
	109.7	215	126.32	45	300	300	
	111.6	215	123.42	45	300	300	
	114.1	215	123.86	45	300	300	
	120.8	215	127.24	45	300	300	
	120.2	235	121.36	16	300	300	
	126.6	235	126.1	16	300	300	
	146.1	245	135.38	16	300	300	
	147	245	132.4	16	300	300	
	144.1	245	126.48	16	300	300	
	143	260	122.5	16	300	300	
	137.8	260	114.6	16	300	300	
	130.6	260	103.62	0	300	300	
	134.7	265	98.28	0	300	300	
	136.8	265	98.7	0	300	300	
	145.1	265	106.36	0	300	300	
	142.1	265	100.06	0	300	300	
	140.4	265	98.06	0	300	300	
	141.7	265	97.84	0	300	300	
	137.7	265	88.08	0	300	300	
	133.6	265	84.4	0	300	300	
	129	265	79.26	0	300	300	
	125.5	265	74.32	0	300	300	
	118.9	265	67.54	0	300	300	
	108.2	265	57.78	0	300	300	
	112	265	58.78	0	300	300	
	107	265	55.44	0	300	300	
	97.5	265	46.68	0	300	300	
	121.9	265	79.08	0	300	300	
	120.5	265	70.3	0	300	300	
	122.1	265	66.96	0	300	300	
	137.9	265	73.76	0	300	300	
	137.1	265	71.36	0	300	300	
	130.3	265	66.32	0	300	300	
	121.9	265	59.1	0	300	300	
	122.1	265	59	0	300	300	
	117.8	265	55.08	0	300	300	
	119.4	265	54.6	0	300	300	
	130.5	265	65.96	0	300	300	
	131.6	265	65.22	0	300	300	
	134.5	265	67.28	0	300	300	
	142.4	265	73.6	0	300	300	
	153.8	265	84.52	0	300	300	
	162.4	275	81.1	0	300	300	
	161.9	275	80.1	0	300	300	
	158.7	275	76.3	0	300	300	
	156.6	275	74.28	0	300	300	
	157.5	290	74.5	0	300	300	
	161.2	290	76.3	0	300	300	
	172.8	290	84.4	0	300	300	
	168	290	81.1	0	300	300	
	173.9	290	82.54	0	300	300	
	174.4	290	82.06	0	300	300	
	180.4	290	87.26	0	300	300	
	183.3	290	87.1	0	300	300	
	185.6	290	86.28	0	300	300	
	184.9	290	86.34	0	300	300	
	184.3	290	84.8	0	300	300	
	183	290	83.48	0	300	300	
	184.7	290	83.16	0	300	300	
	185.5	290	82.74	0	300	300	
	205.1	290	96.86	0	300	300	
	210.6	290	97.72	0	300	300	
	214.2	290	97.5	0	300	300	
	210.6	290	94.16	0	300	300	
	208.7	290	93.36	0	300	300	
	202	290	86.1	0	300	300	
	199.1	290	79	0	300	300	
	198.7	290	78.1	0	300	300	
	196.2	290	75.98	0	300	300	
	195.7	315	77.84	0	300	300	
	195.7	315	77.84	0	300	300	
	195.7	315	77.68	0	300	300	
	196.4	315	78.36	0	300	300	
	193.1	315	75.44	0	300	300	
	188.2	315	72.1	0	300	300	
	188.2	315	72.1	0	300	300	
	188.2	315	71.26	0	300	300	
	185.5	315	68.6	0	300	300	
	183.3	315	65.86	0	300	300	
	182.4	315	64.9	0	300	300	
	177.8	315	61.66	0	300	300	
	172.3	315	58	0	300	300	
	170.3	315	57.94	0	300	300	
	165.6	315	54.06	0	300	300	
	165.6	315	52.78	0	300	300	
	166	315	53.1	0	300	300	
	155.6	315	45.66	0	300	300	
	152.3	315	44.28	0	300	300	
	154.4	315	45.5	0	300	300	
	151.3	315	42.84	0	300	300	
	148.4	315	38.42	0	300	300	
	150.3	315	38.74	0	300	300	
	145.1	315	35.98	0	300	300	
	144.7	315	35.72	0	300	300	
	146.8	315	36.52	0	300	300	

	124.4	210	221.78	135	300	300	
	133	260	210.04	135	300	300	
	133.4	260	195.26	122	300	300	
	139.7	260	188.6	109	300	300	
	137.4	260	175.88	109	300	300	
	138	260	168.04	96	300	300	
	154.8	260	169.38	96	300	300	
	152.7	260	157.44	77	300	300	
	152.4	260	150.62	77	300	300	
	147	260	144.22	77	300	300	
	149.6	260	141.3	77	300	300	
	148.3	260	134.84	77	300	300	
	172.8	275	132.86	61	300	300	
	180.2	275	133.28	61	300	300	
	181.6	275	130.34	61	300	300	
	184.5	275	125.28	61	300	300	
	184.2	275	124.02	32	300	300	
	182.6	275	119.38	32	300	300	
	192.5	275	116.92	32	300	300	
	188.8	275	110.98	32	300	300	
	192.3	275	112.32	32	300	300	
	182.2	275	103.48	32	300	300	
	184.1	275	100.24	32	300	300	
	178	275	95.2	32	300	300	
	189.3	325	97.14	32	300	300	
	183.6	325	93.38	32	300	300	
	182.6	325	91.52	32	300	300	
	185.7	325	95.74	32	300	300	
	199.4	325	102.62	32	300	300	
	196.4	325	98.76	32	300	300	
	199.5	325	91.5	32	300	300	
	202.8	325	94.16	32	300	300	
	201.4	325	90.98	32	300	300	
	201.6	325	92.3	32	300	300	
	202.5	325	92.56	32	300	300	
	198.6	325	88.9	32	300	300	
	207.1	325	93.08	32	300	300	
	209.3	325	92.6	24	300	300	
	207.1	325	89.52	24	300	300	
	205.5	325	88.88	24	300	300	
	205.7	325	88.98	24	300	300	
	206.5	325	87.92	24	300	300	
	208.2	325	86.5	16	300	300	
	208.4	325	86.18	16	300	300	
	212.9	325	90.14	16	300	300	
	211	325	86.34	8	300	300	
	208.9	325	84.86	8	300	300	
	213.7	325	88.46	8	300	300	
	220.3	325	89.86	8	300	300	
	221.5	325	90.82	8	300	300	
	225	325	92.68	8	300	300	
	226.3	330	91.94	8	300	300	
	229.2	330	93.48	8	300	300	
	230.2	330	94.6	8	300	300	
	225	330	87.98	8	300	300	
	223.4	330	85.7	8	300	300	
	225.3	330	86.82	8	300	300	
	227.2	330	87.66	8	300	300	
	222.6	330	84.3	0	300	300	
	222.5	330	83.72	0	300	300	
	211.3	330	72.34	0	300	300	
	211.8	330	71.8	0	300	300	
	210.3	330	69.4	0	300	300	
	210.1	330	68.28	0	300	300	
	216.1	330	72.42	0	300	300	
	219.4	330	76.34	0	300	300	
	213.3	330	66.44	0	300	300	
	212.6	330	63.98	0	300	300	
	218	330	72.32	0	300	300	
	221	330	71.74	0	300	300	
	221.2	330	71.74	0	300	300	
	223	330	72.54	0	300	300	
	220.2	330	67.34	0	300	300	
	220.5	330	67.66	0	300	300	
	221.5	330	67.24	0	300	300	
	223.7	330	69.64	0	300	300	
	223.9	330	69	0	300	300	
	226	330	70.1	0	300	300	
	235.6	365	79.08	0	300	300	
	233.7	365	78.08	0	300	300	
	231.5	365	74.06	0	300	300	
	226	365	67.28	0	300	300	
	224.3	365	65.42	0	300	300	
	224.2	365	65.1	0	300	300	
	229.6	365	70.36	0	300	300	
	230.9	365	70.36	0	300	300	
	227.9	365	65.68	0	300	300	
	227.8	365	65.52	0	300	300	
	235.3	365	79.46	0	300	300	
	236.2	365	80.02	0	300	300	
	235.3	365	68.58	0	300	300	
	235.4	365	68.16	0	300	300	
	240.1	365	74.36	0	300	300	
	239.8	365	72.6	0	300	300	
	237.3	365	67.62	0	300	300	
	239.3	365	69.36	0	300	300	
	232.7	365	58.9	0	300	300	
	232.9	365	59.02	0	300	300	
	233.4	365	58.28	0	300	300	
	234.4	365	59.76	0	300	300	
	234.4	365	59.76	0	300	300	

	15.6	40	55	55	300	300	
	22.4	45	54.74	42	300	300	
	25.7	60	54.74	42	300	300	
	29.3	60	54.74	42	300	300	
	31.5	60	54.74	42	300	300	
	35.6	65	54.48	42	300	300	
	39.8	65	54.22	42	300	300	
	41.9	65	53.7	42	300	300	
	44.5	65	53.44	42	300	300	
	49.5	95	53.44	42	300	300	
	53.6	95	52.92	42	300	300	
	57.9	95	52.14	42	300	300	
	60.7	95	51.1	42	300	300	
	61.4	95	49.54	42	300	300	
	65.7	95	50.58	42	300	300	
	66.8	95	49.96	42	300	300	
	69.2	95	51.26	42	300	300	
	70.7	95	50.74	42	300	300	
	70.3	95	48.92	42	300	300	
	75.3	95	49.7	42	300	300	
	78.7	100	49.7	42	300	300	
	81.6	100	50.22	42	300	300	
	86.5	100	51.52	42	300	300	
	87.1	100	50.38	29	300	300	
	90.2	100	50.54	29	300	300	
	92.1	100	51.32	29	300	300	
	92.5	100	50.18	29	300	300	
	92.6	100	49.14	29	300	300	
	92.7	100	48	29	300	300	
	93.3	105	47.06	29	300	300	
	92.8	105	43.54	29	300	300	
	93.6	110	42.5	29	300	300	
	93.9	110	41.92	29	300	300	
	94.3	110	41.56	29	300	300	
	95.3	110	41.3	29	300	300	
	95.9	110	40.46	29	300	300	
	96.6	110	40	29	300	300	
	96.6	110	38.08	29	300	300	
	96.9	110	37.72	29	300	300	
	97.4	110	37.62	29	300	300	
	99	115	38.56	29	300	300	
	100.4	115	37.72	29	300	300	
	102.7	115	38.54	29	300	300	
	103.2	115	37.12	29	300	300	
	104.5	115	35.56	29	300	300	
	106.3	115	35.82	29	300	300	
	106.9	115	34.2	29	300	300	
	108	115	32.9	29	300	300	
	108.1	115	30.2	29	300	300	
	108.8	115	29.16	29	300	300	
	109.8	115	29.16	29	300	300	
	110.9	115	29.16	29	300	300	
	111.8	115	29.16	29	300	300	
	112.8	115	29	29	300	300	
	113.5	115	29	29	300	300	
	114.6	115	29.16	29	300	300	
	115	115	29	29	300	300	
	115	115	29	29	300	300	
	115	115	29	29	300	300	
	115	115	29	29	300	300	
	115	115	29	29	300	300	
	115.1	120	29.26	29	300	300	
	115.1	120	29.26	29	300	300	
	115.1	120	29.26	29	300	300	
	115.1	120	29.26	29	300	300	
	115.1	120	29.26	29	300	300	
	115.2	120	29.52	29	300	300	
	115.2	120	29.52	29	300	300	
	115.3	120	29.78	29	300	300	
	115.4	120	30.04	29	300	300	
	115.4	120	30.04	29	300	300	
	115.4	120	30.04	29	300	300	
	115.4	120	30.04	29	300	300	
	115.4	120	30.04	29	300	300	
	115.4	120	30.04	29	300	300	
	115.4	120	30.04	29	300	300	
	115.1	120	29.16	29	300	300	
	115.1	120	29.16	29	300	300	
	115.1	120	29.16	29	300	300	
	115.1	120	29.16	29	300	300	
	115.1	120	29.16	29	300	300	
	115.1	120	29.16	29	300	300	
	115.2	120	29.32	29	300	300	
	115.3	120	29.48	29	300	300	
	115.2	120	29.32	29	300	300	
	115.3	120	29.48	29	300	300	
	115.3	120	29.48	29	300	300	
	115.2	120	29.32	29	300	300	
	115.2	120	29.32	29	300	300	
	115.2	120	29.32	29	300	300	
	115.2	120	29.32	29	300	300	
	115.3	120	29.32	29	300	300	
	115.4	120	29.48	29	300	300	
	115.5	120	29.64	29	300	300	
	115.5	120	29.64	29	300	300	
	115.6	120	29.8	29	300	300	
	115.8	120	30.12	29	300	300	
	115.9	120	30.28	29	300	300	
	116.1	120	30.6	29	300	300	
	116.1	120	30.6	29	300	300	
	116.3	120	30.92	29	300	300	

