	97.9	195	195.88	85	300	300	
	103.7	195	169.28	45	300	300	
	95.5	195	139.32	0	300	300	
	96.3	200	134.72	0	300	300	
	99.7	200	133.62	0	300	300	
	108.2	200	139.02	0	300	300	
	108.3	200	133.18	0	300	300	
	107.3	200	127.62	0	300	300	
	104.3	200	119.26	0	300	300	
	105.7	200	116.26	0	300	300	
	107.6	200	114.32	0	300	300	
	108.5	200	110.14	0	300	300	
	113.9	200	114.62	0	300	300	
	111.1	200	107.04	0	300	300	
	111.7	200	107.54	0	300	300	
	112.9	200	103.62	0	300	300	
	112.5	200	99.6	0	300	300	
	117.9	200	107.84	0	300	300	
	114.1	200	101.02	0	300	300	
	109.9	200	93.44	0	300	300	
	117	200	101.42	0	300	300	
	126.6	200	108.48	0	300	300	
	122	200	101.28	0	300	300	
	126.7	200	109.86	0	300	300	
	129.7	200	111.24	0	300	300	
	131.7	200	113.06	0	300	300	
	131.9	200	116.48	0	300	300	
	133.3	200	117.38	0	300	300	
	133.3	200	116.42	0	300	300	
	131.5	200	111.92	0	300	300	
	134.6	200	117.62	0	300	300	
	135.5	200	116.98	0	300	300	
	135.3	200	113.96	0	300	300	
	139.8	200	118.14	0	300	300	
	135.9	200	104.82	0	300	300	
	133.7	210	98.3	0	300	300	
	136.1	210	98.1	0	300	300	
	139.9	210	100.82	0	300	300	
	141.4	210	101.26	0	300	300	
	145.7	210	106.46	0	300	300	
	145.6	210	107.16	0	300	300	
	146.2	210	104.3	0	300	300	
	145.2	210	99.46	0	300	300	
	146	210	103.26	0	300	300	
	146	210	99.92	0	300	300	
	146.5	210	101.02	0	300	300	
	144.9	210	95.14	0	300	300	
	147.1	215	97.22	0	300	300	
	147.6	215	97.7	0	300	300	
	149.1	215	101.08	0	300	300	
	150.7	215	100.34	0	300	300	
	155	215	104.64	0	300	300	
	152.9	215	99.16	0	300	300	
	151.7	215	94.36	0	300	300	
	152.2	215	94.56	0	300	300	
	151.5	215	89.42	0	300	300	
	150.9	215	87.72	0	300	300	
	154.1	215	90.64	0	300	300	
	158.5	215	96.7	0	300	300	
	161.2	215	103.5	0	300	300	
	162.7	215	106.98	0	300	300	
	162.1	215	103.8	0	300	300	
	159.6	215	93.62	0	300	300	
	160.7	215	95.36	0	300	300	
	160.1	215	91.24	0	300	300	
	157.9	215	81.74	0	300	300	
	159.6	215	86.62	0	300	300	
	160	215	83.96	0	300	300	
	159.2	215	78.02	0	300	300	
	159.5	215	74.64	0	300	300	
	158.2	215	70.88	0	300	300	
	158.2	215	69.92	0	300	300	
	158.9	215	72.1	0	300	300	
	158.7	215	69.28	0	300	300	
	155.5	215	56.42	0	300	300	
	156.3	215	57.38	0	300	300	
	156.1	215	56.3	0	300	300	
	157.4	215	61.48	0	300	300	
	158	215	59.52	0	300	300	
	158.3	215	59.42	0	300	300	
	158.1	215	58.7	0	300	300	
	159.5	215	62.72	0	300	300	
	160.4	215	63.94	0	300	300	
	164.3	215	73.44	0	300	300	
	164.2	215	71.8	0	300	300	
	163.1	215	66.28	0	300	300	
	163	215	63.1	0	300	300	
	161.6	215	55.8	0	300	300	
	163	215	58.18	0	300	300	
	163.6	215	62	0	300	300	
	163.8	215	59.94	0	300	300	
	164.1	215	60.26	0	300	300	
	165.4	215	63.6	0	300	300	
	165.6	215	61.64	0	300	300	
	165.6	215	61.22	0	300	300	
	165.1	215	58.02	0	300	300	
	164.2	215	55.26	0	300	300	
	163.9	215	53.98	0	300	300	
	163.4	215	50.9	0	300	300	
	163.6	215	51.22	0	300	300	
	164.7	215	54.36	0	300	300	

	91.3	195	182.22	61	300	300	
	101.6	240	165.8	61	300	300	
	109.1	240	159.66	61	300	300	
	111.6	240	152.2	45	300	300	
	114.5	240	147.48	45	300	300	
	110.2	240	133.52	45	300	300	
	109.3	240	131.78	32	300	300	
	112.1	240	132.68	32	300	300	
	114.3	240	136.62	32	300	300	
	117.6	240	140.16	32	300	300	
	117	240	136.36	32	300	300	
	120.6	240	138.64	32	300	300	
	119.1	240	132.5	32	300	300	
	119.4	240	130.96	32	300	300	
	122.1	240	136.3	32	300	300	
	118	240	127.36	32	300	300	
	117.2	240	123.82	32	300	300	
	114.2	240	118.04	32	300	300	
	113	240	110.96	32	300	300	
	111.7	240	108.82	32	300	300	
	115.6	240	113.06	32	300	300	
	114.4	240	109.9	16	300	300	
	116.3	240	112.32	16	300	300	
	120.7	240	115.3	16	300	300	
	118.9	240	113.58	16	300	300	
	114.9	240	106.06	16	300	300	
	114.7	240	103.14	0	300	300	
	116.5	240	103.78	0	300	300	
	118.3	240	106.78	0	300	300	
	114.3	240	103.72	0	300	300	
	117.4	240	104.72	0	300	300	
	118.1	240	104.02	0	300	300	
	121.2	240	106.88	0	300	300	
	124.1	240	108.26	0	300	300	
	126.1	240	110.96	0	300	300	
	122.8	240	107.24	0	300	300	
	121.5	240	106.4	0	300	300	
	115.2	240	99.14	0	300	300	
	112.2	240	90.94	0	300	300	
	109.8	240	86.48	0	300	300	
	91.6	240	64.9	0	300	300	
	95.4	240	66.7	0	300	300	
	97.9	240	68.56	0	300	300	
	109.4	240	81.7	0	300	300	
	113.4	240	84.34	0	300	300	
	121.3	240	90.7	0	300	300	
	125.1	240	94.26	0	300	300	
	125.7	240	94.1	0	300	300	
	127.2	255	94.42	0	300	300	
	127.2	255	91.46	0	300	300	
	127.3	255	92.04	0	300	300	
	130.2	255	92.88	0	300	300	
	126.8	255	86.78	0	300	300	
	127.1	255	86.62	0	300	300	
	129.2	255	88.1	0	300	300	
	131	255	89.8	0	300	300	
	128.7	255	86.3	0	300	300	
	128.2	255	83.7	0	300	300	
	128.8	255	83.28	0	300	300	
	127.3	255	82.28	0	300	300	
	128.5	255	84.4	0	300	300	
	127.8	255	83.86	0	300	300	
	135.8	255	93.42	0	300	300	
	134.6	255	89.6	0	300	300	
	138.7	255	93.98	0	300	300	
	135.1	255	88.36	0	300	300	
	129.8	255	86.34	0	300	300	
	129.5	255	85.86	0	300	300	
	129.4	255	85.06	0	300	300	
	125.7	255	81.02	0	300	300	
	121.9	255	75.62	0	300	300	
	124.8	255	78.9	0	300	300	
	129.1	255	84.1	0	300	300	
	127.7	255	80.72	0	300	300	
	128.8	255	78.28	0	300	300	
	127.1	255	74.06	0	300	300	
	126.9	255	73.42	0	300	300	
	130.3	255	74.64	0	300	300	
	134.1	255	77.56	0	300	300	
	135.6	255	78.46	0	300	300	
	138.1	255	80.26	0	300	300	
	137.7	255	80.2	0	300	300	
	141.6	265	84.96	0	300	300	
	144.2	265	85.22	0	300	300	
	141.2	265	80.28	0	300	300	
	147.3	265	87.34	0	300	300	
	151.2	265	88.58	0	300	300	
	151.7	265	88.1	0	300	300	
	154	265	90.8	0	300	300	
	154.3	265	90.54	0	300	300	
	156.5	265	92.92	0	300	300	
	153.8	265	88.94	0	300	300	
	150.8	265	84.96	0	300	300	
	150.3	265	84.64	0	300	300	
	146.7	265	80.18	0	300	300	
	145.8	265	78.02	0	300	300	
	142.4	265	72.62	0	300	300	
	144.4	265	75.58	0	300	300	
	154	265	86.94	0	300	300	
	154.8	265	86.88	0	300	300	
	161.2	265	95.56	0	300	300	

	97.1	195	188.36	90	300	300	
	97	195	164.56	69	300	300	
	100.2	195	147.96	45	300	300	
	96.3	195	131.9	45	300	300	
	95.7	195	125.68	45	300	300	
	94.3	195	120.7	45	300	300	
	91.4	195	109.94	45	300	300	
	91.8	195	109.42	45	300	300	
	96.9	195	114.12	45	300	300	
	102.5	200	120.22	45	300	300	
	103.6	200	119.96	32	300	300	
	99.7	200	114.24	32	300	300	
	95.5	200	106.9	32	300	300	
	98	200	109.92	32	300	300	
	99.5	200	110.94	32	300	300	
	98.2	200	107.44	32	300	300	
	92.5	200	99.44	32	300	300	
	95.2	200	101.32	32	300	300	
	98.7	200	102.28	16	300	300	
	102.9	200	104.62	16	300	300	
	102.9	200	104.62	16	300	300	
	104.6	200	105.7	16	300	300	
	105.2	200	105.02	16	300	300	
	106.5	200	105.12	16	300	300	
	109.1	200	105.66	16	300	300	
	108.3	200	104.7	0	300	300	
	107.9	200	104.64	0	300	300	
	116.5	200	113.3	0	300	300	
	124.9	200	124.02	0	300	300	
	126.2	200	120.8	0	300	300	
	127.9	200	123.38	0	300	300	
	127.7	200	119.18	0	300	300	
	126.9	200	117.02	0	300	300	
	124.9	200	109.86	0	300	300	
	125.9	200	110.02	0	300	300	
	125.4	200	108.9	0	300	300	
	118.7	205	94.4	0	300	300	
	114.4	205	82.04	0	300	300	
	115.5	205	81.1	0	300	300	
	122.6	205	88.8	0	300	300	
	123.7	205	90.02	0	300	300	
	124.7	205	91.66	0	300	300	
	123.8	205	89.06	0	300	300	
	126.3	205	94.02	0	300	300	
	127.3	225	91.7	0	300	300	
	130.1	225	94.72	0	300	300	
	132.3	225	99.44	0	300	300	
	131.6	225	96.32	0	300	300	
	133.1	225	99.08	0	300	300	
	132.3	225	95.96	0	300	300	
	129.3	225	90.6	0	300	300	
	131.6	225	93.94	0	300	300	
	131.4	225	92.82	0	300	300	
	138.4	225	105.48	0	300	300	
	138.7	225	104.2	0	300	300	
	138.1	225	101.98	0	300	300	
	138.6	225	102.2	0	300	300	
	137.8	235	99.34	0	300	300	
	138.3	235	99.18	0	300	300	
	137.8	235	100.38	0	300	300	
	136.3	235	97.24	0	300	300	
	136.5	235	94.38	0	300	300	
	138.9	235	97.62	0	300	300	
	138.9	235	97.42	0	300	300	
	137.7	235	94.72	0	300	300	
	138.1	235	94.56	0	300	300	
	137.9	235	93.12	0	300	300	
	134.9	235	87.6	0	300	300	
	136.1	235	89.24	0	300	300	
	134.8	235	86.86	0	300	300	
	135.9	235	86.86	0	300	300	
	134.7	235	82.42	0	300	300	
	133.9	235	80.34	0	300	300	
	134.6	235	80.98	0	300	300	
	134.4	235	80.5	0	300	300	
	134.6	235	80.5	0	300	300	
	132.1	235	76.52	0	300	300	
	132.6	235	76.84	0	300	300	
	131.6	235	74.6	0	300	300	
	131.7	235	75.12	0	300	300	
	131.6	235	73.5	0	300	300	
	127	235	67.24	0	300	300	
	130.1	235	70.36	0	300	300	
	131.8	235	71.06	0	300	300	
	132.2	235	70.2	0	300	300	
	131.2	235	67.5	0	300	300	
	131	235	67.18	0	300	300	
	128.5	235	61.46	0	300	300	
	128.6	235	61.72	0	300	300	
	130.6	235	64.64	0	300	300	
	130.3	235	64	0	300	300	
	130.4	235	64	0	300	300	
	131.9	235	65.76	0	300	300	
	134.6	235	79.1	0	300	300	
	136	235	79.32	0	300	300	
	135.3	235	76.08	0	300	300	
	135.3	235	73.64	0	300	300	
	135.6	235	71.9	0	300	300	
	135.6	235	71.84	0	300	300	
	138.7	235	78.46	0	300	300	
	140.2	235	78.04	0	300	300	

	105	195	192.02	80	300	300	
	105	195	162.08	45	300	300	
	111.2	195	155.68	45	300	300	
	109.8	195	144.76	45	300	300	
	113.8	195	139.48	45	300	300	
	124.7	195	148.46	45	300	300	
	120.1	205	134.12	45	300	300	
	120.9	205	131	45	300	300	
	121.4	205	125.82	45	300	300	
	123.1	205	123.66	16	300	300	
	122	205	117.62	16	300	300	
	120.9	205	111.68	16	300	300	
	116.6	205	102.44	16	300	300	
	118.5	205	101.22	16	300	300	
	116.4	205	95.22	16	300	300	
	116.5	205	91.04	16	300	300	
	115.9	205	88.28	16	300	300	
	115.2	205	82.32	16	300	300	
	119.1	205	83.34	16	300	300	
	118.6	205	79.4	8	300	300	
	122.6	205	81.36	8	300	300	
	115.1	225	67.94	0	300	300	
	113.1	225	64.38	0	300	300	
	114.2	225	62.52	0	300	300	
	117.9	225	61.84	0	300	300	
	118.7	225	59.74	0	300	300	
	120.1	240	59.32	0	300	300	
	122.3	240	60.28	0	300	300	
	121.3	240	59.28	0	300	300	
	115.7	240	52.48	0	300	300	
	115.3	240	51.9	0	300	300	
	109	240	45.54	0	300	300	
	101.3	245	38.34	0	300	300	
	101.5	245	36.38	0	300	300	
	103.5	245	37.12	0	300	300	
	108.9	245	40.52	0	300	300	
	110	245	40.04	0	300	300	
	108.2	245	36.8	0	300	300	
	110.6	245	38.56	0	300	300	
	111.7	245	39.3	0	300	300	
	115.4	245	41.06	0	300	300	
	115.2	245	39.46	0	300	300	
	118.6	245	39.3	0	300	300	
	118.7	245	38.4	0	300	300	
	122.2	245	39.3	0	300	300	
	114.5	245	32.6	0	300	300	
	114.5	245	30.2	0	300	300	
	119.1	245	35.68	0	300	300	
	125.8	245	40.94	0	300	300	
	125.7	245	40.3	0	300	300	
	125.3	245	38.82	0	300	300	
	122.9	245	36.7	0	300	300	
	123.4	245	35.9	0	300	300	
	122.4	245	33.94	0	300	300	
	127.3	265	35.86	0	300	300	
	125	265	35.38	0	300	300	
	125.7	265	35.86	0	300	300	
	126.3	265	35.22	0	300	300	
	125.9	265	34.1	0	300	300	
	129.6	265	36.18	0	300	300	
	130	265	36.18	0	300	300	
	130.5	265	36.82	0	300	300	
	140.5	265	44.22	0	300	300	
	139.4	265	41.04	0	300	300	
	140.4	265	41.84	0	300	300	
	142.5	265	39.98	0	300	300	
	144	265	41.04	0	300	300	
	143.8	265	41.82	0	300	300	
	145.5	265	41.96	0	300	300	
	156.5	265	48.62	0	300	300	
	157.4	265	48.2	0	300	300	
	157.6	270	47.04	0	300	300	
	165.4	270	53.52	0	300	300	
	159.7	270	48.74	0	300	300	
	166.9	270	58.46	0	300	300	
	169.2	270	57.88	0	300	300	
	175.4	270	63.42	0	300	300	
	180.9	270	65.34	0	300	300	
	185.3	270	67.84	0	300	300	
	185.9	270	67.78	0	300	300	
	184.9	270	66.4	0	300	300	
	191.5	270	68.64	0	300	300	
	194.1	270	68.96	0	300	300	
	191.2	270	65.98	0	300	300	
	185.1	270	59.1	0	300	300	
	178	270	50.9	0	300	300	
	168.7	270	43.02	0	300	300	
	168.8	270	43.02	0	300	300	
	169	270	43.02	0	300	300	
	172.1	270	45.68	0	300	300	
	172.2	270	45.68	0	300	300	
	172.2	270	44.24	0	300	300	
	172.4	270	44.4	0	300	300	
	175.2	270	45.68	0	300	300	
	159.5	270	29.46	0	300	300	
	159.3	270	28.44	0	300	300	
	148.9	270	22.42	0	300	300	
	138.8	275	16.56	0	300	300	
	139.8	275	17.14	0	300	300	
	143.8	275	20.12	0	300	300	
	149.9	275	23.26	0	300	300	

	97	195	178.22	45	300	300	
	100.8	195	147.86	45	300	300	
	95.2	195	128.5	45	300	300	
	98.2	195	120.68	32	300	300	
	100	195	116.52	32	300	300	
	101.5	195	112.34	32	300	300	
	102.1	195	109.12	32	300	300	
	102.6	195	107	0	300	300	
	98.5	195	99.44	0	300	300	
	101.1	195	99.88	0	300	300	
	101.9	195	95.88	0	300	300	
	103.1	195	95.5	0	300	300	
	103.9	200	97.72	0	300	300	
	109.1	200	102.8	0	300	300	
	104	200	96.64	0	300	300	
	104.6	200	95.9	0	300	300	
	102.8	200	91.72	0	300	300	
	109.9	200	99.4	0	300	300	
	108.3	200	97.8	0	300	300	
	112.9	200	104.32	0	300	300	
	113.9	200	105	0	300	300	
	114	200	102.64	0	300	300	
	112	200	98.98	0	300	300	
	111.1	200	97.92	0	300	300	
	108	200	92.52	0	300	300	
	114.8	200	100.74	0	300	300	
	113.9	200	96.94	0	300	300	
	113.8	200	93.1	0	300	300	
	106.8	200	83.98	0	300	300	
	107.7	200	84.62	0	300	300	
	110.8	200	88.02	0	300	300	
	110.8	200	88.02	0	300	300	
	112.4	200	89.34	0	300	300	
	115.9	200	92.48	0	300	300	
	118.9	200	96.3	0	300	300	
	118.5	200	95.06	0	300	300	
	121.1	200	96.5	0	300	300	
	115.4	200	88.74	0	300	300	
	113	200	85.02	0	300	300	
	111.4	200	82	0	300	300	
	109.3	200	78.66	0	300	300	
	114	200	83.28	0	300	300	
	115.5	200	84.5	0	300	300	
	117.5	200	85.74	0	300	300	
	118.9	200	86.96	0	300	300	
	123	200	91.84	0	300	300	
	119.8	200	88.76	0	300	300	
	117.9	200	85.1	0	300	300	
	116	200	82.18	0	300	300	
	110.8	200	73.02	0	300	300	
	106.2	200	66.34	0	300	300	
	105.1	200	63.96	0	300	300	
	104.7	200	64	0	300	300	
	103.7	200	62.78	0	300	300	
	105.8	225	64.74	0	300	300	
	104.2	225	62.82	0	300	300	
	101.8	225	59.42	0	300	300	
	103.2	225	60.32	0	300	300	
	114.4	225	77.02	0	300	300	
	118.4	225	80.38	0	300	300	
	114.8	225	73.74	0	300	300	
	113.3	225	68.68	0	300	300	
	113.4	225	68.68	0	300	300	
	114.7	225	69.96	0	300	300	
	114.7	225	69.96	0	300	300	
	120.2	225	74.7	0	300	300	
	123	225	77.3	0	300	300	
	127.9	225	83.2	0	300	300	
	129.8	225	84.64	0	300	300	
	128.5	225	82.2	0	300	300	
	125.8	225	79.38	0	300	300	
	125	225	77.06	0	300	300	
	126.2	225	78.76	0	300	300	
	125	225	77.22	0	300	300	
	125.1	225	77.22	0	300	300	
	123.8	225	75.68	0	300	300	
	123.9	225	75.68	0	300	300	
	126.3	225	77.12	0	300	300	
	126.3	225	77.12	0	300	300	
	131.6	225	84.24	0	300	300	
	131	225	81.42	0	300	300	
	129.9	225	78.4	0	300	300	
	130.1	225	78.08	0	300	300	
	132.4	225	81	0	300	300	
	133.6	225	82.8	0	300	300	
	133.6	225	81.36	0	300	300	
	133	225	80.36	0	300	300	
	133.1	225	79.98	0	300	300	
	133.3	225	79.66	0	300	300	
	133.3	225	79.66	0	300	300	
	133.9	225	79.98	0	300	300	
	135.4	225	83.52	0	300	300	
	133.7	225	78.3	0	300	300	
	134.5	225	77.88	0	300	300	
	133.8	235	75.22	0	300	300	
	135.6	235	76.12	0	300	300	
	135.7	235	74.9	0	300	300	
	135.8	235	73.68	0	300	300	
	135.2	235	72.72	0	300	300	
	136.8	235	75.64	0	300	300	
	139.3	235	79.84	0	300	300	

	96.8	190	186.64	90	300	300	
	100.5	190	159.52	45	300	300	
	97.3	190	144.52	45	300	300	
	98.7	190	137.96	45	300	300	
	96.9	190	130.1	45	300	300	
	100	190	126.28	45	300	300	
	99.4	220	117.18	45	300	300	
	104.6	225	116.36	45	300	300	
	105.6	225	113.42	45	300	300	
	103.8	225	105.28	45	300	300	
	108.7	225	107.74	45	300	300	
	111.4	225	104.94	45	300	300	
	109.3	225	97.14	45	300	300	
	109.7	225	96.88	45	300	300	
	109.7	225	96.72	45	300	300	
	112.7	225	97.2	45	300	300	
	114.8	230	95.76	0	300	300	
	116.3	230	95	0	300	300	
	117.1	235	96.12	0	300	300	
	120.1	235	98.78	0	300	300	
	120.3	235	101.12	0	300	300	
	119.9	235	97.2	0	300	300	
	126.5	235	101.64	0	300	300	
	125	235	98.56	0	300	300	
	123	235	95.12	0	300	300	
	117.2	235	87.5	0	300	300	
	116.4	235	86.44	0	300	300	
	118.5	235	85.98	0	300	300	
	116.5	235	84.34	0	300	300	
	112.4	240	79.62	0	300	300	
	106.3	240	74.82	0	300	300	
	105.3	240	73.7	0	300	300	
	102.4	240	71.1	0	300	300	
	97.7	240	67	0	300	300	
	102.2	240	72.42	0	300	300	
	104.8	240	71.52	0	300	300	
	103.1	240	66.9	0	300	300	
	96.4	240	57.52	0	300	300	
	94.7	240	55.62	0	300	300	
	90.8	240	50.58	0	300	300	
	91.5	240	49.84	0	300	300	
	93.4	240	50.98	0	300	300	
	93.4	240	49.18	0	300	300	
	89.7	240	41.22	0	300	300	
	94.5	240	44.76	0	300	300	
	91.5	240	41.36	0	300	300	
	96.5	240	45.8	0	300	300	
	89.8	240	36.24	0	300	300	
	101.8	240	46.6	0	300	300	
	105	240	50.04	0	300	300	
	104.4	240	44.98	0	300	300	
	103	240	43.76	0	300	300	
	107	240	44.14	0	300	300	
	106.4	240	43.94	0	300	300	
	105.1	240	42.08	0	300	300	
	101.1	240	36.76	0	300	300	
	99.1	240	35.54	0	300	300	
	93	240	29.64	0	300	300	
	90.4	240	26.92	0	300	300	
	93.5	240	30.32	0	300	300	
	90.7	240	25.38	0	300	300	
	96.7	240	29.26	0	300	300	
	99.1	240	29.06	0	300	300	
	98.9	240	29.28	0	300	300	
	96.5	240	27.2	0	300	300	
	94.3	240	25.66	0	300	300	
	90.6	240	22.68	0	300	300	
	95.5	240	26.14	0	300	300	
	102.7	240	30.86	0	300	300	
	108.1	240	34.2	0	300	300	
	114.9	240	38.34	0	300	300	
	107.6	240	32.58	0	300	300	
	113.7	240	38.58	0	300	300	
	117.8	240	38.48	0	300	300	
	113.7	240	35.18	0	300	300	
	115.8	240	35.76	0	300	300	
	118.5	240	37.36	0	300	300	
	119.1	240	37.04	0	300	300	
	120.5	240	37.52	0	300	300	
	119.8	240	36.62	0	300	300	
	117.9	240	34.7	0	300	300	
	116	240	33.1	0	300	300	
	113.1	240	30.92	0	300	300	
	115.3	240	32.04	0	300	300	
	112	240	29.8	0	300	300	
	117	240	34.84	0	300	300	
	117.4	240	34.1	0	300	300	
	118.7	240	33.66	0	300	300	
	121.4	240	35.88	0	300	300	
	125.8	240	38.62	0	300	300	
	136.6	240	45.96	0	300	300	
	135	240	44.26	0	300	300	
	133	240	42.66	0	300	300	
	130.7	240	40.58	0	300	300	
	127.9	240	37.34	0	300	300	
	128.1	240	38.98	0	300	300	
	118	240	31.66	0	300	300	
	118.3	240	31.82	0	300	300	
	120.9	240	33.26	0	300	300	
	116.2	240	30.5	0	300	300	
	121.8	240	33.8	0	300	300	

