	100.1	210	188.8	90	300	300	
	104.1	210	162.76	77	300	300	
	106.2	210	145.74	45	300	300	
	109.7	210	142.06	45	300	300	
	112	210	137.88	45	300	300	
	110.2	210	131	45	300	300	
	125.1	210	135.48	45	300	300	
	121	210	127.64	45	300	300	
	120.1	210	124.16	45	300	300	
	121.2	210	120.92	45	300	300	
	122.4	210	118.4	45	300	300	
	128.1	210	123.64	32	300	300	
	141.3	250	126.46	16	300	300	
	139.8	250	117.64	16	300	300	
	136.8	250	112.86	16	300	300	
	133	250	104.94	16	300	300	
	130.2	250	100.86	16	300	300	
	130.9	250	97.38	16	300	300	
	135.8	250	93.46	16	300	300	
	133	260	89.8	16	300	300	
	145.3	260	97.18	16	300	300	
	145.1	260	92.08	16	300	300	
	145.7	260	90.12	16	300	300	
	157.5	260	95.08	16	300	300	
	167.8	290	94.54	16	300	300	
	170.8	290	91.38	16	300	300	
	185.6	290	98.6	16	300	300	
	186.3	290	91.28	16	300	300	
	186.9	290	88.9	8	300	300	
	184.4	290	86.78	0	300	300	
	193.4	305	87.54	0	300	300	
	180.2	305	77.84	0	300	300	
	178.6	305	75.22	0	300	300	
	183.9	305	81.38	0	300	300	
	175.2	305	74.7	0	300	300	
	186.7	305	79.26	0	300	300	
	190.9	305	80.42	0	300	300	
	191.6	305	80.74	0	300	300	
	189.8	305	79.9	0	300	300	
	184.1	325	76.76	0	300	300	
	189.4	325	80.06	0	300	300	
	208.8	325	93.44	0	300	300	
	218.8	325	95.14	0	300	300	
	203.1	325	81.18	0	300	300	
	216.7	325	88.28	0	300	300	
	218.3	325	87.42	0	300	300	
	214.2	325	83.8	0	300	300	
	222.4	325	85.82	0	300	300	
	215.4	325	76.96	0	300	300	
	208.5	325	73.04	0	300	300	
	206.3	325	71.66	0	300	300	
	205.6	325	69.48	0	300	300	
	210.5	325	70.98	0	300	300	
	210.7	325	68.7	0	300	300	
	221.6	325	75.42	0	300	300	
	238.5	325	84.06	0	300	300	
	240.9	325	83.36	0	300	300	
	237.2	325	79.54	0	300	300	
	233.7	325	77.96	0	300	300	
	223.3	325	68.56	0	300	300	
	236.5	325	72.84	0	300	300	
	232.1	325	68.38	0	300	300	
	230.8	325	68.18	0	300	300	
	244.4	325	76.44	0	300	300	
	248.8	335	80.68	0	300	300	
	241	335	76.02	0	300	300	
	228.6	335	65.14	0	300	300	
	226.7	335	62.38	0	300	300	
	226.6	335	62.06	0	300	300	
	221.3	335	58.72	0	300	300	
	217.3	335	54.84	0	300	300	
	217.2	335	54.52	0	300	300	
	193.6	335	34.88	0	300	300	
	211.8	335	49.2	0	300	300	
	215.8	335	51.38	0	300	300	
	230.1	335	60.88	0	300	300	
	228.5	335	57.06	0	300	300	
	240.1	335	66.66	0	300	300	
	255.7	335	73.72	0	300	300	
	255.9	335	71.48	0	300	300	
	262.7	335	75.34	0	300	300	
	263.1	335	75.66	0	300	300	
	261.9	335	74.7	0	300	300	
	259.4	335	69.78	0	300	300	
	253.2	335	62.5	0	300	300	
	254.8	335	63.4	0	300	300	
	252.9	335	63.04	0	300	300	
	252.7	335	62.46	0	300	300	
	258.4	335	65.02	0	300	300	
	255.6	335	61.96	0	300	300	
	244.2	335	52	0	300	300	
	244.2	335	52	0	300	300	
	244.7	335	55.18	0	300	300	
	241	335	49.4	0	300	300	
	245	335	52.26	0	300	300	
	244.7	335	52.1	0	300	300	
	246.1	335	53.32	0	300	300	
	249	335	54.06	0	300	300	
	259.2	335	61	0	300	300	
	259.6	335	61.06	0	300	300	
	258.4	335	58.72	0	300	300	

	104.6	195	171.18	90	300	300	
	103.5	195	149.22	61	300	300	
	107	195	139.72	45	300	300	
	109.7	195	136.98	45	300	300	
	108.9	195	129.46	32	300	300	
	109	195	122.28	32	300	300	
	118.7	195	118.18	32	300	300	
	115.4	195	112.04	32	300	300	
	118.6	205	110.02	16	300	300	
	117.4	205	105.04	16	300	300	
	111.4	205	94.94	16	300	300	
	106.9	205	89.7	16	300	300	
	113.8	205	85.32	16	300	300	
	112.6	210	85.42	16	300	300	
	113.5	210	82.3	16	300	300	
	117.1	210	85.52	0	300	300	
	115.2	225	78.38	0	300	300	
	115.5	225	78.38	0	300	300	
	133.7	260	86.72	0	300	300	
	131.4	260	83.7	0	300	300	
	128.8	260	80.84	0	300	300	
	127.5	260	79.34	0	300	300	
	131.2	260	80.76	0	300	300	
	132	260	76.62	0	300	300	
	130.2	260	67.98	0	300	300	
	134.8	260	70.04	0	300	300	
	134.2	260	70.04	0	300	300	
	128.5	260	63.9	0	300	300	
	132.9	265	67.02	0	300	300	
	141.7	270	74.22	0	300	300	
	159.6	285	82.26	0	300	300	
	159.8	285	81.52	0	300	300	
	163.6	285	82.64	0	300	300	
	164.6	285	81.36	0	300	300	
	166.6	285	83	0	300	300	
	169.7	285	85.12	0	300	300	
	174.1	285	84.9	0	300	300	
	173.5	285	81.36	0	300	300	
	168.6	285	76.9	0	300	300	
	165.6	285	73.56	0	300	300	
	178.6	285	83.48	0	300	300	
	177.2	285	81.36	0	300	300	
	179.7	285	80.16	0	300	300	
	178.4	285	78.2	0	300	300	
	175.2	285	74.96	0	300	300	
	168.7	285	69.02	0	300	300	
	172.1	285	70.76	0	300	300	
	167.9	285	65.72	0	300	300	
	200.8	285	89	0	300	300	
	205.7	285	93.02	0	300	300	
	205	285	89.9	0	300	300	
	207	285	89.66	0	300	300	
	201.4	285	84	0	300	300	
	204.2	285	84.84	0	300	300	
	201.7	295	76.92	0	300	300	
	205.9	295	79.88	0	300	300	
	202.7	295	76.32	0	300	300	
	206.3	295	77.06	0	300	300	
	208	295	78.84	0	300	300	
	212.5	295	79.32	0	300	300	
	216.2	295	76.28	0	300	300	
	220	295	76.24	0	300	300	
	217.1	295	72.42	0	300	300	
	217.2	295	72	0	300	300	
	222.6	295	77.04	0	300	300	
	228.3	295	84.84	0	300	300	
	229.7	295	78.7	0	300	300	
	232.6	295	80.44	0	300	300	
	228.5	295	75.4	0	300	300	
	225.4	295	71.68	0	300	300	
	225.4	295	71.68	0	300	300	
	226.1	295	71.68	0	300	300	
	223.2	295	64.54	0	300	300	
	224.4	295	66.18	0	300	300	
	217.5	295	58.16	0	300	300	
	218.4	295	56.56	0	300	300	
	217.3	295	54.44	0	300	300	
	220.1	295	55.5	0	300	300	
	224.9	295	57.04	0	300	300	
	226.4	295	60.92	0	300	300	
	225.1	295	58.74	0	300	300	
	225.2	295	58.36	0	300	300	
	224.9	300	56	0	300	300	
	223.2	300	53.4	0	300	300	
	227.5	300	55.74	0	300	300	
	227.5	300	55.74	0	300	300	
	231.8	300	58.76	0	300	300	
	234.8	300	60.04	0	300	300	
	239.4	300	63.92	0	300	300	
	244.7	300	67.7	0	300	300	
	247.2	300	69.78	0	300	300	
	245.1	300	67.28	0	300	300	
	244.2	300	66.06	0	300	300	
	245.8	300	65.96	0	300	300	
	244.9	300	64.74	0	300	300	
	246.6	300	66.12	0	300	300	
	242.6	300	58.28	0	300	300	
	242.6	300	58.28	0	300	300	
	241.2	300	57.22	0	300	300	
	241.3	300	57.22	0	300	300	
	241.4	300	57.22	0	300	300	

	97.2	190	190.28	77	300	300	
	100.9	190	161.86	61	300	300	
	103.3	190	150.22	61	300	300	
	112.7	190	149.52	45	300	300	
	112.4	190	139.74	45	300	300	
	112.3	190	135.08	0	300	300	
	121.7	205	128.44	0	300	300	
	120.5	205	123.1	0	300	300	
	123	205	121.32	0	300	300	
	123.3	205	118.82	0	300	300	
	127.3	205	119.16	0	300	300	
	127.8	205	117.36	0	300	300	
	143.1	205	127.8	0	300	300	
	140.3	205	118.8	0	300	300	
	135.9	205	108.38	0	300	300	
	131.4	215	101.2	0	300	300	
	129	215	95.74	0	300	300	
	128.6	215	94.32	0	300	300	
	130.3	215	84.48	0	300	300	
	128.7	215	80.92	0	300	300	
	126.7	215	78.58	0	300	300	
	116.9	215	66.44	0	300	300	
	111.1	215	63.7	0	300	300	
	108.4	215	56.26	0	300	300	
	118.1	215	55.54	0	300	300	
	131	215	68.7	0	300	300	
	134.2	220	69.66	0	300	300	
	134.7	220	69.66	0	300	300	
	140.7	220	74.8	0	300	300	
	148.9	245	80.7	0	300	300	
	169.3	245	90.42	0	300	300	
	170.8	245	91.48	0	300	300	
	168.1	245	89.14	0	300	300	
	168.7	245	88.88	0	300	300	
	176.8	245	95.72	0	300	300	
	180	245	101.22	0	300	300	
	171.3	245	77.76	0	300	300	
	174	245	77.18	0	300	300	
	173.6	245	72.78	0	300	300	
	172.5	245	68.1	0	300	300	
	171.3	245	65.34	0	300	300	
	173.1	245	66.5	0	300	300	
	175.5	245	66.1	0	300	300	
	187.4	245	77.24	0	300	300	
	186.5	245	75.02	0	300	300	
	185	245	71.62	0	300	300	
	182.7	245	68.66	0	300	300	
	182.3	245	66.74	0	300	300	
	183.3	245	64.56	0	300	300	
	185.4	245	67.52	0	300	300	
	178.4	245	61.56	0	300	300	
	178	245	60.66	0	300	300	
	175.6	245	54.46	0	300	300	
	172.9	245	46.92	0	300	300	
	175.4	245	41.66	0	300	300	
	176.4	245	41.66	0	300	300	
	176.2	245	40.6	0	300	300	
	172.7	245	37.36	0	300	300	
	170	245	30.72	0	300	300	
	167.7	245	29.76	0	300	300	
	162.7	245	26.36	0	300	300	
	162.4	245	29	0	300	300	
	164.7	245	30.86	0	300	300	
	163.5	245	30.54	0	300	300	
	159.7	245	26.24	0	300	300	
	151.2	245	19.18	0	300	300	
	157.8	245	22.52	0	300	300	
	164.2	245	27.52	0	300	300	
	168.3	245	28.8	0	300	300	
	174.5	245	32.2	0	300	300	
	176.6	245	33.16	0	300	300	
	186.6	245	39.86	0	300	300	
	173.7	245	28.42	0	300	300	
	173.8	245	26.82	0	300	300	
	175.2	245	26.44	0	300	300	
	177.3	250	27.82	0	300	300	
	174.7	255	23.32	0	300	300	
	169.6	255	18.44	0	300	300	
	169.6	255	18.44	0	300	300	
	169.7	255	18.44	0	300	300	
	169.7	255	18.44	0	300	300	
	169.7	255	18.44	0	300	300	
	169.7	255	18.44	0	300	300	
	169.7	255	18.34	0	300	300	
	169.7	255	18.34	0	300	300	
	169.7	255	18.34	0	300	300	
	169.7	255	18.34	0	300	300	
	169.7	255	18.34	0	300	300	
	169.7	255	18.08	0	300	300	
	169.7	255	18.08	0	300	300	
	169.7	255	18.08	0	300	300	
	169.7	255	18.08	0	300	300	
	169.7	255	18.08	0	300	300	
	169.7	255	18.08	0	300	300	
	169.7	255	18.08	0	300	300	
	169.7	255	18.08	0	300	300	
	169.7	255	18.08	0	300	300	
	169.7	255	18.08	0	300	300	
	169.7	255	18.08	0	300	300	

	98.7	195	185.68	90	300	300	
	105.1	195	167.7	32	300	300	
	102.4	195	148.52	32	300	300	
	103.5	195	136.08	0	300	300	
	102.7	195	131.38	0	300	300	
	107.8	195	133.24	0	300	300	
	115.3	195	118.16	0	300	300	
	113.8	195	113.56	0	300	300	
	112.9	195	110.64	0	300	300	
	110.4	195	105.14	0	300	300	
	110.6	195	100.44	0	300	300	
	110	195	98.24	0	300	300	
	129.3	195	113.26	0	300	300	
	127	195	105.9	0	300	300	
	123.2	195	98.12	0	300	300	
	126.1	195	98.2	0	300	300	
	132.5	195	101.14	0	300	300	
	140.3	195	104.76	0	300	300	
	144.7	225	89.92	0	300	300	
	149.7	225	96.08	0	300	300	
	144.6	225	89.7	0	300	300	
	146.1	225	90.44	0	300	300	
	143	225	85.88	0	300	300	
	142.9	225	83.74	0	300	300	
	148.5	225	75.56	0	300	300	
	151.4	225	76.36	0	300	300	
	154.3	225	79.1	0	300	300	
	156.5	225	78.52	0	300	300	
	158.4	230	79.04	0	300	300	
	159.9	230	80.82	0	300	300	
	163.6	230	70.54	0	300	300	
	165.5	230	65.82	0	300	300	
	164	230	62.1	0	300	300	
	169.1	230	62.36	0	300	300	
	170.9	230	60.86	0	300	300	
	167.6	230	56.66	0	300	300	
	187.2	230	55.66	0	300	300	
	191.4	240	57.3	0	300	300	
	192.4	245	53.26	0	300	300	
	192.6	245	51.62	0	300	300	
	194.6	245	51.42	0	300	300	
	201.6	245	57.02	0	300	300	
	209.6	245	57.86	0	300	300	
	204.7	245	52.88	0	300	300	
	199.4	245	45.98	0	300	300	
	199.2	245	44.7	0	300	300	
	199.4	245	42.42	0	300	300	
	202.5	250	44.22	0	300	300	
	212.6	250	50.22	0	300	300	
	212.1	250	49.9	0	300	300	
	212.9	250	47.5	0	300	300	
	212.9	250	46.24	0	300	300	
	213.4	250	44.92	0	300	300	
	212.4	250	42.44	0	300	300	
	206.8	250	32.24	0	300	300	
	207.8	250	31.24	0	300	300	
	212.8	250	35.54	0	300	300	
	218.3	250	41.18	0	300	300	
	219.9	250	42.18	0	300	300	
	219.2	250	39.64	0	300	300	
	222.2	260	36.62	0	300	300	
	226.9	260	41.2	0	300	300	
	222.4	260	34.08	0	300	300	
	222.4	260	33.22	0	300	300	
	224.3	260	34.4	0	300	300	
	224	260	33.76	0	300	300	
	223.3	260	30.84	0	300	300	
	223.7	260	29.88	0	300	300	
	221.5	260	25.52	0	300	300	
	222.2	260	25.52	0	300	300	
	223.1	260	25.84	0	300	300	
	225.8	260	28.4	0	300	300	
	228.1	260	26.86	0	300	300	
	228.9	260	27.5	0	300	300	
	229.7	260	27.56	0	300	300	
	229.6	260	26.92	0	300	300	
	229.7	260	26.92	0	300	300	
	231.1	260	28.52	0	300	300	
	233.3	260	30.18	0	300	300	
	234.2	260	31.14	0	300	300	
	230.6	260	26.5	0	300	300	
	228	260	23.62	0	300	300	
	229.4	260	24.26	0	300	300	
	227.9	260	22.34	0	300	300	
	230.8	260	25	0	300	300	
	231.6	260	25.96	0	300	300	
	230.8	260	25	0	300	300	
	232.1	260	26.6	0	300	300	
	239.4	260	35.12	0	300	300	
	240.3	260	36.24	0	300	300	
	243	260	37.48	0	300	300	
	244.1	260	39.4	0	300	300	
	243.2	260	37.32	0	300	300	
	244	260	37.96	0	300	300	
	243.5	260	37	0	300	300	
	243.5	260	37	0	300	300	
	244	260	35.2	0	300	300	
	242.4	260	32.64	0	300	300	
	240.8	260	30.08	0	300	300	
	240.8	260	30.08	0	300	300	
	236.8	260	24.64	0	300	300	

	100	195	182.02	45	300	300	
	110.8	195	159.06	45	300	300	
	108.9	195	143	32	300	300	
	114.1	195	144.12	32	300	300	
	118.2	195	143.18	32	300	300	
	119.2	195	139.8	32	300	300	
	133.9	220	138.72	32	300	300	
	130.5	220	132.96	32	300	300	
	126.4	220	124.06	32	300	300	
	126.8	220	122.1	32	300	300	
	129.6	220	122.06	32	300	300	
	128.4	220	117.88	32	300	300	
	128.3	220	106.54	32	300	300	
	130.5	220	106.58	32	300	300	
	128.8	220	103.4	32	300	300	
	127.3	220	101.56	32	300	300	
	126.9	220	99.5	0	300	300	
	125.4	220	95.06	0	300	300	
	130.5	220	97.18	0	300	300	
	127.6	220	93.36	0	300	300	
	130.3	230	97.58	0	300	300	
	126.3	230	90.18	0	300	300	
	124.1	230	87.38	0	300	300	
	125	230	86.1	0	300	300	
	133.3	235	83.76	0	300	300	
	137.4	235	84.08	0	300	300	
	145.2	235	86.44	0	300	300	
	150.3	235	87.12	0	300	300	
	150.8	235	88.92	0	300	300	
	146.8	240	84.66	0	300	300	
	157	260	86.42	0	300	300	
	151.4	260	84.7	0	300	300	
	150.3	260	76.28	0	300	300	
	149.2	260	70.22	0	300	300	
	142.9	260	64.74	0	300	300	
	144.6	260	65.9	0	300	300	
	164.8	260	74.14	0	300	300	
	156	260	65.7	0	300	300	
	159.1	260	66.7	0	300	300	
	162	260	68.88	0	300	300	
	168.8	260	72.14	0	300	300	
	178.4	260	79.04	0	300	300	
	189.1	260	83	0	300	300	
	199.4	260	88.14	0	300	300	
	200.3	260	86.98	0	300	300	
	201.8	260	87.6	0	300	300	
	202.7	260	87.22	0	300	300	
	197.9	260	74.14	0	300	300	
	203.4	260	76.8	0	300	300	
	202.8	260	74.2	0	300	300	
	201.6	260	74.6	0	300	300	
	199	260	70.02	0	300	300	
	197.5	260	67.14	0	300	300	
	198.4	260	68.3	0	300	300	
	189.5	260	53.64	0	300	300	
	188.8	260	49.22	0	300	300	
	201	260	57.42	0	300	300	
	205.2	260	59.3	0	300	300	
	209.4	260	61.76	0	300	300	
	213.3	260	63.84	0	300	300	
	216.2	260	61.52	0	300	300	
	225.5	260	68.38	0	300	300	
	228	260	71.32	0	300	300	
	228.7	260	70.74	0	300	300	
	230.2	260	70.22	0	300	300	
	226.9	260	67.02	0	300	300	
	227.7	260	69.08	0	300	300	
	227.7	260	66.62	0	300	300	
	229.3	260	64.62	0	300	300	
	232	260	67.12	0	300	300	
	230.7	260	61.38	0	300	300	
	226.7	270	51.74	0	300	300	
	227.7	270	53.44	0	300	300	
	228.2	275	58.8	0	300	300	
	233.8	275	64.6	0	300	300	
	231.3	275	57.16	0	300	300	
	233.4	275	58.54	0	300	300	
	232.2	275	55.6	0	300	300	
	239.2	275	59.42	0	300	300	
	237.1	280	51.72	0	300	300	
	237.3	280	49.6	0	300	300	
	240.1	280	50.66	0	300	300	
	239.1	280	45.4	0	300	300	
	243	280	44.72	0	300	300	
	242.7	280	44.18	0	300	300	
	243.1	280	44.46	0	300	300	
	243.6	280	43.88	0	300	300	
	243.7	280	43.88	0	300	300	
	244.2	280	44.88	0	300	300	
	242.5	280	42.38	0	300	300	
	239.5	280	33.7	0	300	300	
	238.8	280	33.06	0	300	300	
	239.1	280	33.22	0	300	300	
	240.9	280	33	0	300	300	
	240.9	280	33	0	300	300	
	242.4	280	33.64	0	300	300	
	237.5	280	28.68	0	300	300	
	235.2	280	24.42	0	300	300	
	235	280	24.1	0	300	300	
	233	280	21.38	0	300	300	
	236.9	280	25.48	0	300	300	

	91.2	195	177.42	90	300	300	
	96.1	195	152.92	45	300	300	
	98.1	195	142.64	45	300	300	
	101.6	195	134.8	45	300	300	
	105.3	195	133.48	45	300	300	
	106	195	130.2	45	300	300	
	121.5	225	129.9	45	300	300	
	124.1	225	130.44	45	300	300	
	125.1	225	129.4	45	300	300	
	130	225	131.54	16	300	300	
	127.8	225	125.36	16	300	300	
	124.8	225	115.82	0	300	300	
	136.3	235	110.74	0	300	300	
	137.2	235	109.1	0	300	300	
	124.7	235	85.3	0	300	300	
	130.1	235	88.48	0	300	300	
	135	235	88.76	0	300	300	
	134	235	78.22	0	300	300	
	149	240	74.38	0	300	300	
	151.8	240	74.44	0	300	300	
	147.6	240	66.48	0	300	300	
	150.4	240	67.06	0	300	300	
	144.9	240	58.32	0	300	300	
	147.4	240	59.96	0	300	300	
	171	240	80.3	0	300	300	
	167.3	250	75.42	0	300	300	
	170.7	250	71.6	0	300	300	
	169.7	250	68.72	0	300	300	
	175.4	250	72.18	0	300	300	
	174.3	250	69.68	0	300	300	
	186.3	250	76.42	0	300	300	
	188.1	250	78.02	0	300	300	
	187.6	250	76.42	0	300	300	
	189.1	250	75.84	0	300	300	
	190.8	250	77.22	0	300	300	
	188	250	72.72	0	300	300	
	189.2	250	68.06	0	300	300	
	189.2	250	68.06	0	300	300	
	187.9	250	67	0	300	300	
	189.7	255	66.52	0	300	300	
	192.7	255	67.84	0	300	300	
	190.3	255	64.04	0	300	300	
	198.9	255	70.32	0	300	300	
	198.6	255	69.74	0	300	300	
	196.7	255	68.9	0	300	300	
	201.1	255	71.76	0	300	300	
	199.6	255	68.84	0	300	300	
	202.4	255	70.64	0	300	300	
	202	255	68.76	0	300	300	
	198	255	64.08	0	300	300	
	193.3	255	58.4	0	300	300	
	194.1	255	59.36	0	300	300	
	191.6	255	55.82	0	300	300	
	188.9	255	53.56	0	300	300	
	190.7	260	54.8	0	300	300	
	199	260	64.1	0	300	300	
	200.6	260	64.06	0	300	300	
	202.4	260	65.38	0	300	300	
	201.6	260	64.28	0	300	300	
	196.6	260	58.76	0	300	300	
	197.6	260	57.44	0	300	300	
	198.1	260	59.24	0	300	300	
	196.1	260	57.38	0	300	300	
	195.5	260	56	0	300	300	
	194.7	260	53.46	0	300	300	
	192.6	260	50.86	0	300	300	
	193.9	260	52.98	0	300	300	
	190.9	260	49.68	0	300	300	
	196	260	55.48	0	300	300	
	203.4	260	60.9	0	300	300	
	201.6	260	59.62	0	300	300	
	202.9	260	58.72	0	300	300	
	201.2	260	54.94	0	300	300	
	205	260	58.18	0	300	300	
	205.7	260	59.4	0	300	300	
	204.8	260	58.06	0	300	300	
	204.7	260	56.16	0	300	300	
	203.7	260	56.26	0	300	300	
	198.8	260	50.36	0	300	300	
	197.9	260	49.52	0	300	300	
	197	260	48.24	0	300	300	
	197.8	260	49.14	0	300	300	
	197.2	260	48.24	0	300	300	
	196	260	46.22	0	300	300	
	190.4	260	42.54	0	300	300	
	186.9	260	39.72	0	300	300	
	188.8	260	42.16	0	300	300	
	194.7	260	50.66	0	300	300	
	195	260	47.74	0	300	300	
	198.3	260	50.24	0	300	300	
	197.6	260	49.1	0	300	300	
	193.5	260	43.26	0	300	300	
	193.5	260	43.26	0	300	300	
	191.9	260	42.04	0	300	300	
	196.2	260	47.24	0	300	300	
	196.6	260	46.82	0	300	300	
	205.8	260	56.26	0	300	300	
	206.5	260	55.1	0	300	300	
	204.2	260	51.6	0	300	300	
	204.3	260	51.6	0	300	300	
	203.5	260	50.7	0	300	300	

	98.4	190	182.74	77	300	300	
	99.8	190	159.48	77	300	300	
	98.8	190	148.94	77	300	300	
	108.8	190	152.96	77	300	300	
	106.9	190	137.98	45	300	300	
	106.6	190	133.86	45	300	300	
	112	195	126.18	45	300	300	
	112.4	195	124.62	45	300	300	
	116.2	195	124.58	16	300	300	
	108.4	195	110.64	16	300	300	
	107.4	195	105.98	16	300	300	
	106.7	195	104.66	16	300	300	
	115.6	210	104.56	16	300	300	
	116.3	210	102.44	16	300	300	
	118.7	210	103.52	16	300	300	
	118.9	210	102.62	16	300	300	
	117.8	210	97.68	16	300	300	
	130.6	210	105.86	16	300	300	
	134.8	250	99.12	16	300	300	
	133.6	250	94.68	16	300	300	
	136.8	250	95.48	16	300	300	
	137.3	250	94.04	16	300	300	
	140.2	250	97.04	0	300	300	
	140.9	250	94.44	0	300	300	
	148.7	250	85.08	0	300	300	
	148.2	250	84.26	0	300	300	
	148.9	250	82.04	0	300	300	
	154.9	250	86.54	0	300	300	
	152.4	250	82.98	0	300	300	
	152.3	250	81.86	0	300	300	
	152.7	250	71.64	0	300	300	
	153.2	250	72.64	0	300	300	
	153.9	250	71.64	0	300	300	
	153.3	250	68.72	0	300	300	
	152.7	250	68.14	0	300	300	
	154.2	250	69.2	0	300	300	
	159.7	250	68.34	0	300	300	
	164.1	250	71.3	0	300	300	
	161.5	250	66.48	0	300	300	
	159.6	250	61.1	0	300	300	
	159.3	250	58.14	0	300	300	
	157.6	250	54.6	0	300	300	
	173.6	265	63.62	0	300	300	
	183.4	270	71.14	0	300	300	
	183.3	270	68.12	0	300	300	
	183	270	66.62	0	300	300	
	182	270	65.44	0	300	300	
	184.9	270	67.1	0	300	300	
	193.1	270	70.76	0	300	300	
	191.3	270	69.44	0	300	300	
	192.5	270	67.62	0	300	300	
	184.5	270	59.18	0	300	300	
	188.5	270	61.04	0	300	300	
	195.9	270	65.98	0	300	300	
	191.6	280	60.08	0	300	300	
	190	280	58.6	0	300	300	
	180.3	280	49.58	0	300	300	
	186.8	285	53.66	0	300	300	
	189.4	285	55.56	0	300	300	
	201.5	285	64.38	0	300	300	
	191.6	285	51.7	0	300	300	
	187.1	285	46.02	0	300	300	
	188.9	285	46.5	0	300	300	
	191.3	290	47.28	0	300	300	
	191.5	290	47.44	0	300	300	
	197.7	290	51.52	0	300	300	
	198.3	290	50.16	0	300	300	
	199.7	290	50.48	0	300	300	
	195.1	290	47.62	0	300	300	
	195.1	290	47.62	0	300	300	
	195	290	47.46	0	300	300	
	194.2	290	46.6	0	300	300	
	182.6	295	38.44	0	300	300	
	186.7	295	38.96	0	300	300	
	185.4	295	38	0	300	300	
	198.6	295	43.12	0	300	300	
	195.2	295	40.52	0	300	300	
	185	295	35.58	0	300	300	
	187.3	295	36.76	0	300	300	
	181	295	32.94	0	300	300	
	180.1	295	32.3	0	300	300	
	187.1	295	34.74	0	300	300	
	192.1	295	36.28	0	300	300	
	194.3	295	38.82	0	300	300	
	186	295	36.78	0	300	300	
	186	295	35.18	0	300	300	
	193.1	295	38.42	0	300	300	
	194.3	295	38.74	0	300	300	
	199.2	295	40.28	0	300	300	
	191.3	295	35.72	0	300	300	
	202.9	295	40.6	0	300	300	
	203.9	295	40.76	0	300	300	
	204.1	295	41.08	0	300	300	
	206.8	295	42.3	0	300	300	
	208	295	41.6	0	300	300	
	218.1	295	45.52	0	300	300	
	222.6	295	49.24	0	300	300	
	228.1	295	52.16	0	300	300	
	223.2	295	48.44	0	300	300	
	223	295	48.12	0	300	300	
	229.4	295	50.72	0	300	300	

	100.6	195	189.48	85	300	300	
	104.1	195	165.76	85	300	300	
	102	195	150.56	45	300	300	
	103.9	195	152.5	45	300	300	
	108.1	195	145.38	45	300	300	
	105.8	195	133.12	16	300	300	
	120	240	133.58	16	300	300	
	125.4	240	135.34	16	300	300	
	128.8	240	138.64	16	300	300	
	124.1	240	132.84	16	300	300	
	125.9	240	133.5	16	300	300	
	124.6	240	132.1	16	300	300	
	129.4	245	120.2	16	300	300	
	131.8	245	120.42	0	300	300	
	132	245	118.88	0	300	300	
	134.1	265	116.2	0	300	300	
	146.4	265	126.6	0	300	300	
	140.2	265	115.8	0	300	300	
	148.9	265	110.96	0	300	300	
	150.3	265	109.06	0	300	300	
	149.5	265	105.56	0	300	300	
	154.7	265	108	0	300	300	
	153.9	265	103.44	0	300	300	
	153.4	265	100.32	0	300	300	
	166	265	107.92	0	300	300	
	169.5	265	108.98	0	300	300	
	169.2	265	105.32	0	300	300	
	170.6	265	106.42	0	300	300	
	173.2	265	110.02	0	300	300	
	170.3	265	107.26	0	300	300	
	177.1	275	111.16	0	300	300	
	176.8	275	109.32	0	300	300	
	167.6	275	97.12	0	300	300	
	165.9	275	95.48	0	300	300	
	177.4	275	108.32	0	300	300	
	179.8	275	106.64	0	300	300	
	171.5	275	92.22	0	300	300	
	167.9	275	88.5	0	300	300	
	158.4	275	74.36	0	300	300	
	165.2	275	79.02	0	300	300	
	177.5	275	91.38	0	300	300	
	175.5	275	89.46	0	300	300	
	172.6	275	84.18	0	300	300	
	176.4	280	88.42	0	300	300	
	183.3	280	94.04	0	300	300	
	182.6	280	93.22	0	300	300	
	188.4	280	99.42	0	300	300	
	189	280	99.74	0	300	300	
	200.9	280	105.48	0	300	300	
	200.1	280	103.84	0	300	300	
	196.6	280	100.3	0	300	300	
	200.2	280	102.42	0	300	300	
	199.7	280	100.92	0	300	300	
	197.1	280	96.14	0	300	300	
	190.6	280	89.68	0	300	300	
	185.1	280	84.12	0	300	300	
	197.7	280	97.86	0	300	300	
	201.6	280	100.24	0	300	300	
	201.5	280	95.96	0	300	300	
	201.9	280	95.06	0	300	300	
	201.9	280	90.88	0	300	300	
	202.3	280	91.2	0	300	300	
	210.3	280	100.68	0	300	300	
	212	280	103.28	0	300	300	
	213.8	280	105.46	0	300	300	
	215.4	280	108.48	0	300	300	
	216.9	280	102.22	0	300	300	
	216.9	280	101.64	0	300	300	
	217.6	280	102.86	0	300	300	
	219.3	280	104.08	0	300	300	
	219.3	280	103.76	0	300	300	
	217.9	280	100.46	0	300	300	
	217	280	97.7	0	300	300	
	216.9	280	98.92	0	300	300	
	215.4	280	93.96	0	300	300	
	213.8	280	90.88	0	300	300	
	211.8	280	87.16	0	300	300	
	208.6	280	83.6	0	300	300	
	193.4	280	58.88	0	300	300	
	186.3	280	47.8	0	300	300	
	185.3	280	46.52	0	300	300	
	185	280	46.2	0	300	300	
	185.6	280	45.72	0	300	300	
	185.8	280	45.08	0	300	300	
	185.4	285	39.5	0	300	300	
	186.4	285	39.82	0	300	300	
	185.6	285	39.18	0	300	300	
	184.4	285	37.92	0	300	300	
	178.5	290	30.6	0	300	300	
	168.7	290	17.16	0	300	300	
	173.9	290	24.92	0	300	300	
	173.9	290	24.92	0	300	300	
	173.9	290	24.92	0	300	300	
	179.2	290	33	0	300	300	
	181.9	290	37.2	0	300	300	
	181.9	290	37.2	0	300	300	
	184.3	295	41.12	0	300	300	
	186.3	300	40.48	0	300	300	
	186.7	300	40.8	0	300	300	
	186.7	300	40.8	0	300	300	
	189.8	300	45.16	0	300	300	

	101.7	195	190.22	122	300	300	
	103.3	195	164.16	45	300	300	
	99.6	195	149.98	45	300	300	
	97.6	195	143.3	45	300	300	
	98	195	137.6	45	300	300	
	102.4	195	139.28	45	300	300	
	121.5	200	145.5	45	300	300	
	121.6	200	143.54	45	300	300	
	118.5	200	136.38	45	300	300	
	119.6	200	135.86	0	300	300	
	117.3	200	132.22	0	300	300	
	115.2	200	126.4	0	300	300	
	127.4	215	123.68	0	300	300	
	124.5	215	116.46	0	300	300	
	119.9	215	108.86	0	300	300	
	116.6	215	101.98	0	300	300	
	121.4	215	105.76	0	300	300	
	116.6	215	97.44	0	300	300	
	117.5	245	85.42	0	300	300	
	123.1	245	86.6	0	300	300	
	126.6	245	89.94	0	300	300	
	125.7	245	86.28	0	300	300	
	136.1	245	97.38	0	300	300	
	134.8	245	93.06	0	300	300	
	144.7	245	96.06	0	300	300	
	144.2	245	91.34	0	300	300	
	144.3	245	90.92	0	300	300	
	144.8	245	89.32	0	300	300	
	141.5	245	84.68	0	300	300	
	143.4	260	83.98	0	300	300	
	149.6	260	77.08	0	300	300	
	154.4	260	77.14	0	300	300	
	155.7	260	76.24	0	300	300	
	160.3	260	77.92	0	300	300	
	161.3	260	78.56	0	300	300	
	169.2	260	84.44	0	300	300	
	184.2	260	93.66	0	300	300	
	188.8	265	95.44	0	300	300	
	189	265	91.98	0	300	300	
	184.8	265	84.34	0	300	300	
	183.4	265	82.32	0	300	300	
	182.3	265	78.88	0	300	300	
	188.6	270	80.18	0	300	300	
	188	270	76.84	0	300	300	
	185.4	270	71.6	0	300	300	
	184.7	270	69.58	0	300	300	
	183.1	270	66.34	0	300	300	
	182	270	63.84	0	300	300	
	190.6	275	70.22	0	300	300	
	190.7	275	69.58	0	300	300	
	187.9	275	66.34	0	300	300	
	190.9	275	69.06	0	300	300	
	189.7	275	67.68	0	300	300	
	185.4	275	59.66	0	300	300	
	189.4	275	62.68	0	300	300	
	188.9	275	61.72	0	300	300	
	189.5	275	62.68	0	300	300	
	189.9	275	62.68	0	300	300	
	194.4	275	71.02	0	300	300	
	194.2	275	69.9	0	300	300	
	200.2	275	77.22	0	300	300	
	201.2	275	79.46	0	300	300	
	202.5	275	80.52	0	300	300	
	201.8	275	79.3	0	300	300	
	202.3	275	79.58	0	300	300	
	200.6	275	76.18	0	300	300	
	194.2	275	67.56	0	300	300	
	195.8	275	68.68	0	300	300	
	197.6	275	69.96	0	300	300	
	198.4	275	69.52	0	300	300	
	194.4	275	62.52	0	300	300	
	195.2	275	62.62	0	300	300	
	186.5	275	49.74	0	300	300	
	186.2	275	48.2	0	300	300	
	184.9	275	45.7	0	300	300	
	178.8	275	37.3	0	300	300	
	176.8	275	34.7	0	300	300	
	180.9	275	39.32	0	300	300	
	191.5	275	52.34	0	300	300	
	193.9	275	53.5	0	300	300	
	194.6	275	53.34	0	300	300	
	194.7	275	53.34	0	300	300	
	191.5	275	48.4	0	300	300	
	191.8	275	47.5	0	300	300	
	191.8	275	47.82	0	300	300	
	193.7	275	50.42	0	300	300	
	193.5	275	50.42	0	300	300	
	193.3	275	49.74	0	300	300	
	195.1	275	52.08	0	300	300	
	195.3	275	52.4	0	300	300	
	194	275	49.74	0	300	300	
	191.6	275	46.62	0	300	300	
	191.6	275	46.62	0	300	300	
	192	275	47.26	0	300	300	
	192.3	275	47.74	0	300	300	
	191.7	275	47.1	0	300	300	
	191.7	275	46.62	0	300	300	
	192.6	275	47.74	0	300	300	
	192.1	275	47.1	0	300	300	
	188.2	275	42.06	0	300	300	
	188.2	275	41.8	0	300	300	

	95.5	195	185.6	45	300	300	
	100.7	195	163.44	45	300	300	
	99.5	195	144.12	45	300	300	
	99.3	195	134.82	45	300	300	
	96.7	195	123.64	45	300	300	
	100.2	195	121.16	45	300	300	
	117.7	275	120.64	45	300	300	
	116.9	275	117.7	45	300	300	
	110.1	275	108.42	45	300	300	
	116.7	275	115.28	45	300	300	
	120.2	275	114.92	45	300	300	
	126.4	275	119.48	45	300	300	
	131.1	275	101.24	45	300	300	
	133.8	275	99.88	45	300	300	
	138.4	275	103.32	45	300	300	
	136.5	275	100.48	32	300	300	
	140.7	275	101.24	0	300	300	
	141	275	100.6	0	300	300	
	166.7	275	111.08	0	300	300	
	170.6	275	109.4	0	300	300	
	172.5	275	109.88	0	300	300	
	171.9	275	105.9	0	300	300	
	165.1	275	96.18	0	300	300	
	167.5	275	94.34	0	300	300	
	179.3	285	91.64	0	300	300	
	161.9	285	79.86	0	300	300	
	170.4	285	83.22	0	300	300	
	145.2	285	63.74	0	300	300	
	140.4	285	61.1	0	300	300	
	156.8	285	71.38	0	300	300	
	160.4	285	66.88	0	300	300	
	153.8	285	63.22	0	300	300	
	158.7	285	64.86	0	300	300	
	158.8	285	63.74	0	300	300	
	174.1	285	71.12	0	300	300	
	181.2	285	74.94	0	300	300	
	191	285	77.84	0	300	300	
	182.7	285	73.66	0	300	300	
	183.4	285	72.18	0	300	300	
	184.6	285	74.36	0	300	300	
	180.1	285	70.7	0	300	300	
	183.1	285	71.76	0	300	300	
	182.9	285	71.1	0	300	300	
	170.3	285	64.38	0	300	300	
	154.7	285	55.22	0	300	300	
	159.7	285	57.4	0	300	300	
	169.3	285	62.02	0	300	300	
	157.1	285	55.32	0	300	300	
	173.4	285	57.82	0	300	300	
	176.8	285	58.4	0	300	300	
	179.1	290	59.52	0	300	300	
	177.5	290	58.24	0	300	300	
	170.4	290	54.58	0	300	300	
	166	290	52.3	0	300	300	
	161.3	290	48.22	0	300	300	
	162	290	48.38	0	300	300	
	162.8	290	48.86	0	300	300	
	162.3	290	47.96	0	300	300	
	164.4	290	47.9	0	300	300	
	167.1	290	47.68	0	300	300	
	201.6	290	63.98	0	300	300	
	209.1	290	66.68	0	300	300	
	208.4	290	66.2	0	300	300	
	206	290	65.3	0	300	300	
	201.9	290	64.52	0	300	300	
	196.3	290	61.12	0	300	300	
	196.3	290	61.38	0	300	300	
	193.8	290	60.48	0	300	300	
	200.5	290	62.06	0	300	300	
	204.9	290	64.5	0	300	300	
	206.1	290	64.56	0	300	300	
	204.8	290	64.14	0	300	300	
	218.9	290	71.58	0	300	300	
	226.4	290	75.62	0	300	300	
	222.6	290	73.12	0	300	300	
	225.1	290	73.38	0	300	300	
	228.3	290	74.7	0	300	300	
	229	290	75.02	0	300	300	
	232.7	290	75.54	0	300	300	
	237.7	290	77.72	0	300	300	
	238.1	290	77.72	0	300	300	
	237.9	290	77.52	0	300	300	
	237.5	290	77.1	0	300	300	
	237.5	290	77.32	0	300	300	
	237.5	290	77	0	300	300	
	237.4	290	76.68	0	300	300	
	237.5	290	76.68	0	300	300	
	240.8	290	78.86	0	300	300	
	242.1	290	78.16	0	300	300	
	242.1	290	78.16	0	300	300	
	247.6	290	82.28	0	300	300	
	246.8	290	80.84	0	300	300	
	250.5	290	83.02	0	300	300	
	249.6	290	81.42	0	300	300	
	246.9	290	79.72	0	300	300	
	237	290	71.52	0	300	300	
	234.8	290	68.96	0	300	300	
	229.8	290	64.22	0	300	300	
	225.6	290	61.56	0	300	300	
	230.1	290	62.56	0	300	300	
	224.2	295	58.46	0	300	300	

	88.9	195	184.68	77	300	300	
	89.1	195	158.3	61	300	300	
	90.4	195	141.78	61	300	300	
	87.9	195	124.02	45	300	300	
	89.9	195	121.96	45	300	300	
	87.3	195	113.04	45	300	300	
	110	195	123.68	45	300	300	
	107.9	195	115.1	45	300	300	
	109.7	195	114.3	32	300	300	
	114.1	195	117.96	32	300	300	
	118.5	195	118.02	16	300	300	
	121.2	195	116.86	0	300	300	
	131.9	210	114.38	0	300	300	
	130.2	210	109.64	0	300	300	
	130.3	210	104.62	0	300	300	
	123.8	210	95.36	0	300	300	
	123.4	210	93.56	0	300	300	
	121.2	210	87.78	0	300	300	
	136	215	83.1	0	300	300	
	131.1	215	78.16	0	300	300	
	126.5	215	72.16	0	300	300	
	126.3	215	69.14	0	300	300	
	123.2	215	63.16	0	300	300	
	117.3	215	57.6	0	300	300	
	134.3	225	58.22	0	300	300	
	128.7	235	50.38	0	300	300	
	128.2	265	49.52	0	300	300	
	124.3	265	45.16	0	300	300	
	113.3	265	38.06	0	300	300	
	119.5	265	41.1	0	300	300	
	141.8	265	49.78	0	300	300	
	141.8	265	47.02	0	300	300	
	138.2	265	43.56	0	300	300	
	134.6	265	41.54	0	300	300	
	135.5	265	40.96	0	300	300	
	138	265	41.48	0	300	300	
	159.7	265	53.08	0	300	300	
	163.5	265	54.62	0	300	300	
	156	265	45.72	0	300	300	
	156.1	265	45.88	0	300	300	
	156.4	265	46.36	0	300	300	
	154.3	265	45.46	0	300	300	
	151.5	265	44	0	300	300	
	153.5	265	46.18	0	300	300	
	151.3	265	44.8	0	300	300	
	151.3	265	44.8	0	300	300	
	145.6	265	39.12	0	300	300	
	148.4	270	41.98	0	300	300	
	141	270	33.44	0	300	300	
	140.9	270	33.12	0	300	300	
	140.9	270	33.12	0	300	300	
	140.9	270	33.12	0	300	300	
	145.3	270	39.68	0	300	300	
	155.9	280	45.48	0	300	300	
	173.9	280	56.4	0	300	300	
	171.3	280	52.58	0	300	300	
	171.8	280	52.16	0	300	300	
	172.3	280	52.16	0	300	300	
	182.9	280	65.14	0	300	300	
	185.5	280	63.24	0	300	300	
	189.7	285	63.8	0	300	300	
	184.9	295	63.28	0	300	300	
	188.9	295	67.7	0	300	300	
	196	295	71.1	0	300	300	
	205.1	295	77	0	300	300	
	204.3	295	73	0	300	300	
	214.2	295	82.18	0	300	300	
	216.5	295	82.76	0	300	300	
	216.5	295	82.76	0	300	300	
	217.9	295	82.6	0	300	300	
	217.9	295	82.6	0	300	300	
	218.1	295	83.34	0	300	300	
	218.5	295	84.68	0	300	300	
	219	295	82.98	0	300	300	
	214.5	295	75.6	0	300	300	
	216.9	295	76.5	0	300	300	
	216.1	295	74.1	0	300	300	
	214.6	295	73.08	0	300	300	
	219.3	295	77.18	0	300	300	
	216.7	295	75.48	0	300	300	
	212.6	295	73.68	0	300	300	
	209.9	295	70.82	0	300	300	
	209	295	68.96	0	300	300	
	207	295	68.22	0	300	300	
	204.2	295	64.88	0	300	300	
	200.2	295	63.24	0	300	300	
	200	295	61.96	0	300	300	
	193.4	295	59.1	0	300	300	
	188.7	295	56.98	0	300	300	
	183.8	295	54.7	0	300	300	
	177.4	295	55.04	0	300	300	
	173.2	295	52.76	0	300	300	
	168.7	295	49.58	0	300	300	
	170.6	295	51.22	0	300	300	
	173.1	295	54.4	0	300	300	
	169.7	295	50.04	0	300	300	
	169.5	295	50.78	0	300	300	
	168.4	295	49.88	0	300	300	
	162.9	295	45.04	0	300	300	
	162.7	295	45.46	0	300	300	
	159.8	295	43.86	0	300	300	

	100.8	195	165	45	300	300	
	112.7	195	149.6	45	300	300	
	107	195	133.54	45	300	300	
	110.1	195	131.54	45	300	300	
	111.4	195	129.34	45	300	300	
	108.5	195	121.14	16	300	300	
	116.3	255	117.62	16	300	300	
	116.7	255	114.38	16	300	300	
	115.3	255	105.72	16	300	300	
	119.5	255	107.06	16	300	300	
	121.7	255	109.88	16	300	300	
	121.3	255	108.24	16	300	300	
	132.5	270	100.92	16	300	300	
	133.3	270	99.86	16	300	300	
	132.6	270	95.54	16	300	300	
	133.4	270	94.12	16	300	300	
	133	270	94.24	16	300	300	
	133.1	270	91.02	16	300	300	
	138.8	275	91.98	16	300	300	
	136.3	275	88	16	300	300	
	135.3	275	86.06	16	300	300	
	132.9	280	78.74	16	300	300	
	142.1	280	86.86	16	300	300	
	141.5	280	85.7	16	300	300	
	144	280	79.36	16	300	300	
	138.5	280	72.52	16	300	300	
	129.5	280	65.14	16	300	300	
	130.7	280	64.92	16	300	300	
	131.6	280	65.4	16	300	300	
	135.2	280	71.8	16	300	300	
	142.6	280	67.5	16	300	300	
	135.2	280	62.32	16	300	300	
	138.3	285	60.94	16	300	300	
	138.8	285	59.56	16	300	300	
	134.4	285	56.22	16	300	300	
	129.8	285	51.54	16	300	300	
	139.1	285	56.8	16	300	300	
	134.7	285	54.42	16	300	300	
	133.7	285	52.84	16	300	300	
	124	285	46.26	16	300	300	
	110.8	285	36.44	16	300	300	
	86.9	285	23.32	16	300	300	
	87	285	23.06	16	300	300	
	89.6	285	24.44	16	300	300	
	92.7	285	25.92	16	300	300	
	92.7	285	25.92	16	300	300	
	95.3	285	26.98	16	300	300	
	95.4	285	26.88	16	300	300	
	103.4	300	32.3	16	300	300	
	103.4	300	32.3	16	300	300	
	99.6	300	29.7	16	300	300	
	99.6	300	29.7	16	300	300	
	103.6	300	31.5	16	300	300	
	110.9	300	35.64	16	300	300	
	112.5	300	36.8	16	300	300	
	108	300	33.72	16	300	300	
	108	300	33.72	16	300	300	
	110.6	300	34.62	16	300	300	
	113.4	300	35.68	16	300	300	
	113.4	300	35.68	16	300	300	
	116	300	37.54	16	300	300	
	105	300	32.08	16	300	300	
	105	300	32.08	16	300	300	
	107.3	300	32.72	16	300	300	
	107.3	300	32.72	16	300	300	
	107.3	300	32.72	16	300	300	
	107.6	300	33.3	16	300	300	
	101.2	300	30.22	16	300	300	
	100.8	300	29.9	0	300	300	
	100.8	300	29.9	0	300	300	
	100.8	300	29.9	0	300	300	
	100.8	300	29.9	0	300	300	
	100.8	300	29.9	0	300	300	
	95.9	300	25.92	0	300	300	
	95.9	300	25.92	0	300	300	
	96.4	300	26.24	0	300	300	
	96.4	300	26.24	0	300	300	
	99.4	300	27.14	0	300	300	
	99.4	300	27.14	0	300	300	
	99.1	300	26.82	0	300	300	
	98.8	300	26.5	0	300	300	
	97.9	300	25.54	0	300	300	
	97.6	300	25.22	0	300	300	
	96.7	300	24.26	0	300	300	
	95.2	300	23.04	0	300	300	
	87.6	300	19	0	300	300	
	89.9	300	19.32	0	300	300	
	88.7	300	18.04	0	300	300	
	87.5	300	16.76	0	300	300	
	86.3	300	15.48	0	300	300	
	88.6	300	17.28	0	300	300	
	84.6	300	15.16	0	300	300	
	97.7	300	28.22	0	300	300	
	110	300	41.44	0	300	300	
	111.4	300	42.72	0	300	300	
	92.5	300	23.48	0	300	300	
	92.5	300	23.48	0	300	300	
	92.5	300	23.48	0	300	300	
	97.3	305	27.2	0	300	300	
	97.3	305	27.2	0	300	300	
	97.3	305	27.2	0	300	300	

	93.6	195	173.02	45	300	300	
	97.4	195	151.34	45	300	300	
	105.1	195	148.06	45	300	300	
	107	195	141.48	45	300	300	
	104.7	195	132.86	45	300	300	
	103.4	195	123.62	45	300	300	
	131	240	127.26	45	300	300	
	132.4	240	124.24	45	300	300	
	128.6	240	118.72	32	300	300	
	127.2	240	116.96	32	300	300	
	126.5	240	112.3	32	300	300	
	128.8	240	111.26	32	300	300	
	139.7	240	107.54	32	300	300	
	129.7	240	93.42	32	300	300	
	134.7	240	97.46	0	300	300	
	134.2	240	92.98	0	300	300	
	129.3	240	82.64	0	300	300	
	131.7	240	82.54	0	300	300	
	131.4	240	73.72	0	300	300	
	126	240	67.24	0	300	300	
	133.6	240	67.2	0	300	300	
	140.3	240	67.34	0	300	300	
	141.8	240	66.22	0	300	300	
	152.5	245	71.26	0	300	300	
	165.6	255	73.14	0	300	300	
	159.3	255	68.36	0	300	300	
	148.2	255	59.04	0	300	300	
	144.8	255	57.78	0	300	300	
	134.3	255	50.54	0	300	300	
	117	255	42.68	0	300	300	
	113.9	255	35.22	0	300	300	
	105.4	255	29.12	0	300	300	
	123	265	39.48	0	300	300	
	131.7	265	42.3	0	300	300	
	128.4	265	41.82	0	300	300	
	127.1	265	43.08	0	300	300	
	161.6	265	54.9	0	300	300	
	156.1	265	51.6	0	300	300	
	152.7	265	50.74	0	300	300	
	148.8	265	50.16	0	300	300	
	145.3	265	47.3	0	300	300	
	149.7	265	49.8	0	300	300	
	158.1	265	54.66	0	300	300	
	162.5	265	55.72	0	300	300	
	183.7	265	65.12	0	300	300	
	180.4	265	59.96	0	300	300	
	175.1	265	57.2	0	300	300	
	185	265	58.8	0	300	300	
	192.7	265	60.1	0	300	300	
	194.1	265	59.46	0	300	300	
	188.6	265	53.12	0	300	300	
	189.5	265	53.24	0	300	300	
	192.5	265	57.24	0	300	300	
	210	265	63.94	0	300	300	
	213	265	61.84	0	300	300	
	213.3	265	65.72	0	300	300	
	209.7	265	62.52	0	300	300	
	205	265	56.12	0	300	300	
	212.1	265	57.66	0	300	300	
	216.1	265	60.1	0	300	300	
	219.6	265	60.94	0	300	300	
	220.3	265	60.44	0	300	300	
	216.4	265	55.5	0	300	300	
	219.2	265	55.56	0	300	300	
	217.7	265	56.84	0	300	300	
	221.7	265	58.96	0	300	300	
	224.8	265	57.68	0	300	300	
	224.1	265	55.76	0	300	300	
	216.7	265	46.5	0	300	300	
	215.5	265	44.44	0	300	300	
	227.7	265	44.06	0	300	300	
	226.6	265	44.32	0	300	300	
	220.9	265	35.7	0	300	300	
	218.4	265	32.62	0	300	300	
	218.7	265	33.58	0	300	300	
	213.9	265	32.5	0	300	300	
	207.1	265	27.24	0	300	300	
	209.5	265	30.74	0	300	300	
	211.6	270	32.86	0	300	300	
	217.8	270	39.66	0	300	300	
	218.8	270	39.08	0	300	300	
	226.3	270	46.96	0	300	300	
	234.1	270	55.82	0	300	300	
	237.3	270	57.62	0	300	300	
	234.9	270	47.42	0	300	300	
	235.4	280	47.48	0	300	300	
	233.1	280	43.7	0	300	300	
	232.6	280	43.06	0	300	300	
	229.9	280	37.96	0	300	300	
	232.5	280	40.4	0	300	300	
	233.4	280	42.2	0	300	300	
	230.4	285	34.74	0	300	300	
	227.5	285	27.9	0	300	300	
	226.9	285	27	0	300	300	
	227.5	285	27.64	0	300	300	
	228.8	285	29.24	0	300	300	
	226.4	285	26.1	0	300	300	
	226.1	285	26.1	0	300	300	
	227.4	285	28.12	0	300	300	
	228.1	285	28.76	0	300	300	
	229.6	285	32.1	0	300	300	

