//2目标+新拥挤

start:
	0.551412	0.166435	300	300	
	0.424713	0.166435	300	300	
	0.363421	0.0916667	300	300	
	0.328833	0.0666667	300	300	
	0.303745	0.0666667	300	300	
	0.275208	0.0622685	300	300	
	0.255912	0.0622685	300	300	
	0.23618	0.0622685	300	300	
	0.215301	0.0622685	300	300	
	0.199347	0.0622685	300	300	
	0.18231	0.0622685	300	300	
	0.169097	0.0622685	300	300	
	0.165519	0.0622685	300	300	
	0.151306	0.0622685	300	300	
	0.13569	0.0622685	300	300	
	0.120792	0.0622685	300	300	
	0.110741	0.0622685	300	300	
	0.100435	0.00324074	300	300	
	0.0976713	0.00324074	300	300	
	0.0915417	0.00324074	300	300	
	0.0810232	0.0625	300	300	
	0.0757778	0.0625	300	300	
	0.0753982	0.0625	300	300	
	0.0696805	0.0625	300	300	
	0.06525	0.0625	300	300	
	0.0590695	0.0625	300	300	
	0.0518333	0.06875	300	300	
	0.0415509	0.06875	300	300	
	0.030287	0.06875	300	300	
	0.012037	0.06875	300	300	
	0.00368981	0.09375	300	300	
	0.0382546	0.09375	300	300	
	0.0537731	0.09375	300	300	
	0.0592361	0.109491	300	300	
	0.0646111	0.109491	300	300	
	0.0695695	0.109491	300	300	
	0.0850139	0.1375	300	300	
	0.0905093	0.1375	300	300	
	0.0982547	0.1375	300	300	
	0.101815	0.1375	300	300	
	0.105315	0.1375	300	300	
	0.10819	0.1375	300	300	
	0.114565	0.1375	300	300	
	0.11619	0.1375	300	300	
	0.11975	0.15625	300	300	
	0.1255	0.19375	300	300	
	0.129125	0.19375	300	300	

	0.444	0.0851852	300	300	
	0.312519	0.0703704	300	300	
	0.235556	0.0666667	300	300	
	0.206148	0.0666667	300	300	
	0.175556	0.0666667	300	300	
	0.134741	0.0666667	300	300	
	0.0979259	0.0666667	300	300	
	0.075037	0.0666667	300	300	
	0.0597037	0.0851852	300	300	
	0.045037	0.0851852	300	300	
	0.0291852	0.107407	300	300	
	0.0159259	0.107407	300	300	
	0.0193333	0.125926	300	300	
	0.0319259	0.12963	300	300	
	0.0435556	0.12963	300	300	
	0.056963	0.12963	300	300	
	0.0638519	0.12963	300	300	
	0.0674074	0.12963	300	300	
	0.0804444	0.12963	300	300	
	0.0871852	0.140741	300	300	
	0.0900741	0.140741	300	300	
	0.0925185	0.140741	300	300	
	0.0948148	0.140741	300	300	
	0.0976296	0.140741	300	300	
	0.107482	0.148148	300	300	
	0.10963	0.148148	300	300	
	0.111556	0.148148	300	300	
	0.112593	0.148148	300	300	
	0.113333	0.148148	300	300	

	0.543407	0.25	300	300	
	0.39363	0.0916667	300	300	
	0.310241	0.0916667	300	300	
	0.240741	0.1	300	300	
	0.210074	0.1	300	300	
	0.179648	0.1	300	300	
	0.146037	0.1	300	300	
	0.127648	0.1	300	300	
	0.117759	0.1	300	300	
	0.0842037	0.1	300	300	
	0.0557407	0.1	300	300	
	0.0350556	0.1	300	300	
	0.0119074	0.1	300	300	
	0.00174074	0.1	300	300	
	0.0121482	0.1	300	300	
	0.0231667	0.107407	300	300	
	0.0355	0.125	300	300	
	0.044074	0.125	300	300	
	0.0692037	0.175	300	300	
	0.0817222	0.175	300	300	
	0.0854445	0.175	300	300	
	0.0908148	0.175	300	300	
	0.0969259	0.175	300	300	
	0.104352	0.175	300	300	
	0.120907	0.183333	300	300	
	0.123537	0.183333	300	300	
	0.129944	0.191667	300	300	
	0.13737	0.2	300	300	
	0.144759	0.2	300	300	
	0.155352	0.216667	300	300	
	0.173259	0.216667	300	300	
	0.178741	0.216667	300	300	
	0.182315	0.216667	300	300	
	0.1865	0.216667	300	300	
	0.191	0.225	300	300	
	0.199	0.225	300	300	
	0.214	0.266667	300	300	
	0.222167	0.275	300	300	
	0.226333	0.275	300	300	
	0.232333	0.275	300	300	
	0.238667	0.275	300	300	
	0.247833	0.275	300	300	
	0.26	0.283333	300	300	
	0.265	0.3	300	300	
	0.27	0.3	300	300	
	0.274667	0.3	300	300	
	0.279	0.3	300	300	
	0.283667	0.308333	300	300	
	0.29	0.308333	300	300	
	0.295334	0.316667	300	300	
	0.298334	0.316667	300	300	
	0.301833	0.316667	300	300	
	0.302667	0.316667	300	300	

	0.456189	0.10227	300	300	
	0.337618	0.10227	300	300	
	0.279462	0.10227	300	300	
	0.21751	0.0591398	300	300	
	0.180136	0.016129	300	300	
	0.151355	0.016129	300	300	
	0.125474	0.0376344	300	300	
	0.0909199	0.107407	300	300	
	0.0755436	0.107407	300	300	
	0.0586738	0.107407	300	300	
	0.0510299	0.107407	300	300	
	0.0400191	0.201553	300	300	
	0.0191422	0.201553	300	300	
	0.00687455	0.201553	300	300	
	0.00355077	0.201553	300	300	
	0.0155269	0.214815	300	300	
	0.01881	0.214815	300	300	
	0.0323321	0.214815	300	300	
	0.0535866	0.225568	300	300	
	0.072767	0.255197	300	300	
	0.0820119	0.255197	300	300	
	0.0913094	0.327837	300	300	
	0.10238	0.327837	300	300	
	0.116734	0.327837	300	300	
	0.125276	0.327837	300	300	
	0.154459	0.327837	300	300	
	0.161768	0.327837	300	300	
	0.199419	0.327837	300	300	
	0.213933	0.327837	300	300	
	0.232803	0.327837	300	300	
	0.236189	0.327837	300	300	
	0.245121	0.327837	300	300	
	0.249369	0.327837	300	300	
	0.253613	0.327837	300	300	
	0.255391	0.327837	300	300	
	0.258351	0.327837	300	300	
	0.260387	0.327837	300	300	
	0.265338	0.327837	300	300	
	0.267599	0.327837	300	300	
	0.271639	0.327837	300	300	

	0.600734	0.286283	300	300	
	0.46831	0.272198	300	300	
	0.411789	0.272198	300	300	
	0.36701	0.130496	300	300	
	0.322087	0.0184936	300	300	
	0.289657	0.0184936	300	300	
	0.246153	0.191059	300	300	
	0.220763	0.191059	300	300	
	0.209176	0.191059	300	300	
	0.196048	0.191059	300	300	
	0.184051	0.191059	300	300	
	0.168028	0.191059	300	300	
	0.136066	0.191059	300	300	
	0.130136	0.191059	300	300	
	0.123759	0.191059	300	300	
	0.113231	0.191059	300	300	
	0.100675	0.191059	300	300	
	0.0929467	0.191059	300	300	
	0.0576546	0.191059	300	300	
	0.0415836	0.191059	300	300	
	0.0365609	0.191059	300	300	
	0.026022	0.191059	300	300	
	0.0120196	0.191059	300	300	
	0.00165829	0.191059	300	300	
	0.0188047	0.191059	300	300	
	0.0292566	0.191059	300	300	
	0.0381923	0.191059	300	300	
	0.0452345	0.191059	300	300	
	0.0492247	0.191059	300	300	
	0.0568941	0.191059	300	300	
	0.0653288	0.191059	300	300	
	0.0659902	0.191059	300	300	
	0.0667765	0.191059	300	300	
	0.0684287	0.191059	300	300	
	0.0690606	0.191059	300	300	
	0.0725646	0.191059	300	300	

	0.333561	0.0446533	300	300	
	0.202867	0.0446533	300	300	
	0.13879	0.130729	300	300	
	0.100852	0.130729	300	300	
	0.0652526	0.217391	300	300	
	0.019718	0.217391	300	300	
	0.0468155	0.23913	300	300	
	0.078114	0.23913	300	300	
	0.103261	0.23913	300	300	
	0.126175	0.23913	300	300	
	0.144783	0.23913	300	300	
	0.162997	0.23913	300	300	
	0.202761	0.26087	300	300	
	0.212515	0.272033	300	300	
	0.215112	0.272033	300	300	
	0.21772	0.272033	300	300	
	0.222738	0.272033	300	300	
	0.224007	0.272033	300	300	
	0.241375	0.282609	300	300	
	0.245958	0.282609	300	300	
	0.251375	0.282609	300	300	
	0.254218	0.282609	300	300	
	0.258801	0.282609	300	300	
	0.263384	0.282609	300	300	
	0.273584	0.326087	300	300	
	0.275358	0.326087	300	300	
	0.278202	0.326087	300	300	
	0.278848	0.326087	300	300	
	0.280129	0.326087	300	300	
	0.282914	0.326087	300	300	
	0.286592	0.326087	300	300	
	0.287497	0.326087	300	300	
	0.288802	0.347826	300	300	
	0.290564	0.347826	300	300	
	0.293608	0.347826	300	300	

	0.367534	0.025188	300	300	
	0.252857	0.025188	300	300	
	0.178707	0.0609023	300	300	
	0.136188	0.0827067	300	300	
	0.0834436	0.166165	300	300	
	0.0450827	0.166165	300	300	
	0.0552331	0.292857	300	300	
	0.0928346	0.359399	300	300	
	0.108301	0.359399	300	300	
	0.121985	0.359399	300	300	
	0.134218	0.359399	300	300	
	0.144564	0.359399	300	300	
	0.193617	0.447368	300	300	
	0.206639	0.447368	300	300	
	0.237714	0.473684	300	300	
	0.25103	0.473684	300	300	
	0.271301	0.473684	300	300	
	0.281068	0.473684	300	300	
	0.324601	0.622556	300	300	
	0.331722	0.622556	300	300	
	0.344226	0.622556	300	300	
	0.346068	0.622556	300	300	
	0.353406	0.622556	300	300	
	0.358511	0.622556	300	300	
	0.40406	0.622556	300	300	
	0.412376	0.622556	300	300	
	0.424977	0.622556	300	300	
	0.427165	0.622556	300	300	
	0.433714	0.622556	300	300	
	0.434767	0.622556	300	300	
	0.475444	0.622556	300	300	
	0.483699	0.622556	300	300	
	0.49312	0.622556	300	300	
	0.50803	0.622556	300	300	
	0.514677	0.622556	300	300	
	0.528015	0.622556	300	300	
	0.54818	0.622556	300	300	
	0.566602	0.622556	300	300	
	0.57815	0.657895	300	300	
	0.589489	0.657895	300	300	
	0.595308	0.657895	300	300	
	0.600406	0.675188	300	300	
	0.607038	0.675188	300	300	
	0.610481	0.675188	300	300	
	0.616466	0.675188	300	300	
	0.622451	0.675188	300	300	
	0.632963	0.701504	300	300	
	0.636301	0.701504	300	300	
	0.645113	0.701504	300	300	
	0.647759	0.701504	300	300	
	0.653519	0.701504	300	300	
	0.657684	0.701504	300	300	
	0.662241	0.701504	300	300	
	0.664872	0.72782	300	300	
	0.673308	0.72782	300	300	
	0.680135	0.72782	300	300	
	0.682932	0.72782	300	300	

	0.0344286	0.564286	294.62	178	
	0.181714	0.564286	291.14	178	
	0.268571	0.564286	289.4	178	
	0.313714	0.564286	286.98	178	
	0.353	0.564286	280.7	163	
	0.361143	0.564286	276.64	163	
	0.457	0.771429	254.48	163	
	0.479429	0.771429	246.28	163	
	0.480429	0.771429	243	163	
	0.508286	0.771429	241.4	163	
	0.527714	0.771429	239.62	163	
	0.563714	0.828571	231.78	163	
	0.614429	0.885714	214.96	160	
	0.619429	0.885714	213.72	160	
	0.616286	0.885714	209.7	160	
	0.621714	0.885714	209.16	160	
	0.632429	0.885714	207.64	160	
	0.657	0.885714	211.42	160	
	0.672	1	194.44	147	
	0.670857	1	190.72	141	
	0.668143	1	187.98	141	
	0.686572	1	188.16	141	
	0.699429	1	187.56	141	
	0.700571	1	187.78	141	
	0.718286	1	180.86	140	
	0.728857	1	181.2	140	
	0.732571	1	178.34	140	
	0.736714	1	177.92	140	
	0.742714	1	176.26	140	
	0.743571	1	174.02	140	
	0.727143	1	162.2	138	
	0.724572	1	160.54	138	
	0.716857	1	159.26	138	
	0.712429	1	155.44	138	
	0.72	1	152.64	138	
	0.726714	1	150.9	138	
	0.731714	1	146.28	138	
	0.734714	1	145.14	138	
	0.748	1	144.56	137	
	0.774571	1	144.98	137	
	0.770714	1	144.44	137	
	0.792286	1	144.72	136	
	0.759857	1	142.38	136	
	0.753857	1	141.48	136	
	0.715571	1	139.38	128	
	0.727714	1	138.82	128	
	0.738	1	138.32	128	
	0.744571	1	137.5	128	
	0.777571	1	136.36	126	
	0.790143	1	135.96	126	
	0.804143	1	135.62	126	
	0.803714	1	135.1	126	
	0.824714	1	134.72	126	
	0.849	1	134.68	126	
	0.918	1	134.14	126	
	0.941143	1	133.88	126	
	0.950286	1	133.62	126	
	0.951857	1	133.16	126	
	0.934429	1	132.82	126	
	0.934429	1	132.64	126	
	0.921143	1	131.96	126	
	0.939	1	131.8	126	
	0.926857	1	131.44	126	
	0.940857	1	131.34	126	
	0.961714	1	131.44	126	
	0.953	1	131.2	126	
	0.961714	1	131.12	126	
	0.961714	1	130.88	126	
	0.965143	1	130.64	126	
	0.965143	1	130.62	126	
	0.965143	1	130.62	126	
	0.956429	1	130.5	126	
	0.956429	1	130.44	126	
	0.956429	1	130.36	126	
	0.956429	1	130.32	126	
	0.956429	1	130.28	126	
	0.956429	1	130.24	126	
	0.947714	1	130.08	126	
	0.956429	1	129.94	126	
	0.956429	1	129.74	126	
	0.965143	1	129.76	126	
	0.992	1	129.58	109	
	0.985571	1	129.48	109	
	0.983286	1	129.44	109	
	0.983286	1	129.42	109	
	0.981	1	129.4	109	
	0.981	1	129.4	109	
	0.975286	1	129.3	109	
	0.966571	1	129.12	109	
	0.959	1	128.94	108	
	0.956714	1	128.92	108	
	0.938429	1	128.36	108	
	0.931571	1	128.02	105	
	0.924714	1	127.94	105	
	0.920143	1	127.84	105	
	0.899571	1	126.7	105	
	0.889143	1	125.82	104	
	0.859429	1	124.14	104	
	0.88	1	124.36	104	
	0.894857	1	124.68	104	
	0.915143	1	125.78	104	


start:
	0.553199	0.220833	300	300	
	0.409495	0.0916667	300	300	
	0.359944	0.0916667	300	300	
	0.309287	0.0916667	300	300	
	0.251583	0.0622685	300	300	
	0.214569	0.0122685	300	300	
	0.206292	0.0122685	300	300	
	0.179806	0.0122685	300	300	
	0.159796	0.0122685	300	300	
	0.145935	0.0122685	300	300	
	0.135643	0.0122685	300	300	
	0.120394	0.00925926	300	300	
	0.110023	0.00925926	300	300	
	0.102921	0.00925926	300	300	
	0.0921111	0.00925926	300	300	
	0.0786482	0.05625	300	300	
	0.0690602	0.05625	300	300	
	0.0627917	0.05625	300	300	
	0.0501481	0.05625	300	300	
	0.0425046	0.05625	300	300	
	0.035338	0.0625	300	300	
	0.0283333	0.0625	300	300	
	0.0199583	0.0625	300	300	
	0.0095	0.0625	300	300	
	0.00539815	0.0625	300	300	
	0.000717599	0.0625	300	300	
	0.00612037	0.0625	300	300	
	0.0127546	0.0625	300	300	
	0.0153148	0.075	300	300	
	0.0197454	0.075	300	300	
	0.0213519	0.075	300	300	
	0.0310602	0.075	300	300	
	0.0377315	0.075	300	300	
	0.0484167	0.075	300	300	
	0.0503842	0.075	300	300	
	0.0512546	0.075	300	300	
	0.0512546	0.075	300	300	
	0.0536296	0.075	300	300	
	0.05725	0.075	300	300	
	0.0604074	0.075	300	300	
	0.0626574	0.075	300	300	
	0.0644074	0.075	300	300	
	0.0648472	0.0782407	300	300	
	0.0655972	0.0782407	300	300	

	0.721111	0.444444	300	300	
	0.629572	0.390203	300	300	
	0.589189	0.292605	300	300	
	0.543971	0.292605	300	300	
	0.499955	0.292605	300	300	
	0.462463	0.265203	300	300	
	0.411029	0.243994	300	300	
	0.387943	0.243994	300	300	
	0.368255	0.0872748	300	300	
	0.348596	0.0872748	300	300	
	0.335792	0.0872748	300	300	
	0.320867	0.0872748	300	300	
	0.29533	0.0872748	300	300	
	0.288254	0.0872748	300	300	
	0.270649	0.0872748	300	300	
	0.257523	0.0872748	300	300	
	0.251002	0.0872748	300	300	
	0.232812	0.0707583	300	300	
	0.207504	0.0707583	300	300	
	0.198773	0.0152027	300	300	
	0.192001	0.0152027	300	300	
	0.174846	0.0152027	300	300	
	0.158063	0.0429805	300	300	
	0.148041	0.0429805	300	300	
	0.111944	0.0429805	300	300	
	0.101344	0.0429805	300	300	
	0.086967	0.0429805	300	300	
	0.0796209	0.0429805	300	300	
	0.0665916	0.0429805	300	300	
	0.0608333	0.0429805	300	300	
	0.0470533	0.0429805	300	300	
	0.0365015	0.0499249	300	300	
	0.0282583	0.0499249	300	300	
	0.0234347	0.0499249	300	300	
	0.0105556	0.0668168	300	300	
	0.00269895	0.0863363	300	300	
	0.0101989	0.0863363	300	300	
	0.0136787	0.0863363	300	300	
	0.0219031	0.101539	300	300	
	0.0224512	0.101539	300	300	
	0.0234159	0.101539	300	300	
	0.0287838	0.101539	300	300	
	0.0358596	0.101539	300	300	
	0.0378716	0.101539	300	300	
	0.0395608	0.101539	300	300	

	0.739604	0.343713	300	300	
	0.615709	0.343713	300	300	
	0.556888	0.343713	300	300	
	0.505411	0.343713	300	300	
	0.467415	0.300379	300	300	
	0.442061	0.211185	300	300	
	0.418641	0.211185	300	300	
	0.404153	0.211185	300	300	
	0.392422	0.192122	300	300	
	0.377365	0.192122	300	300	
	0.37087	0.192122	300	300	
	0.354089	0.183992	300	300	
	0.335061	0.183992	300	300	
	0.320553	0.175862	300	300	
	0.309657	0.175862	300	300	
	0.299978	0.175862	300	300	
	0.295488	0.175862	300	300	
	0.286824	0.159602	300	300	
	0.258061	0.135212	300	300	
	0.252964	0.135212	300	300	
	0.24717	0.135212	300	300	
	0.221668	0.0507143	300	300	
	0.211864	0.0507143	300	300	
	0.203037	0.0507143	300	300	
	0.178026	0.0507143	300	300	
	0.162454	0.0588444	300	300	
	0.154314	0.0588444	300	300	
	0.139093	0.0588444	300	300	
	0.117217	0.0588444	300	300	
	0.091761	0.0588444	300	300	
	0.0563265	0.0588444	300	300	
	0.0272484	0.0588444	300	300	
	0.00727681	0.0588444	300	300	
	0.020337	0.0588444	300	300	
	0.0278515	0.0669745	300	300	
	0.0482217	0.0669745	300	300	
	0.0515273	0.0913647	300	300	
	0.0558276	0.0913647	300	300	
	0.0574536	0.0913647	300	300	
	0.05973	0.0913647	300	300	
	0.0610308	0.0913647	300	300	
	0.0646981	0.0994948	300	300	
	0.0655111	0.0994948	300	300	
	0.0677875	0.0994948	300	300	
	0.0707143	0.123885	300	300	
	0.0753034	0.123885	300	300	

	0.676087	0.431827	300	300	
	0.563107	0.281568	300	300	
	0.485904	0.232729	300	300	
	0.441145	0.232729	300	300	
	0.406311	0.232729	300	300	
	0.378503	0.232729	300	300	
	0.335886	0.226012	300	300	
	0.304989	0.21421	300	300	
	0.288438	0.11279	300	300	
	0.275659	0.11279	300	300	
	0.267729	0.11279	300	300	
	0.256714	0.11279	300	300	
	0.245976	0.11279	300	300	
	0.239586	0.11279	300	300	
	0.2336	0.11279	300	300	
	0.23005	0.11279	300	300	
	0.219225	0.054692	300	300	
	0.210656	0.054692	300	300	
	0.190951	0.054692	300	300	
	0.17508	0.054692	300	300	
	0.168185	0.054692	300	300	
	0.166341	0.054692	300	300	
	0.158653	0.054692	300	300	
	0.146363	0.054692	300	300	
	0.119735	0.054692	300	300	
	0.107462	0.0164076	300	300	
	0.096018	0.0198139	300	300	
	0.0845231	0.0198139	300	300	
	0.0752706	0.0198139	300	300	
	0.062417	0.0198139	300	300	
	0.0311859	0.0841969	300	300	
	0.00871522	0.102715	300	300	
	0.0105882	0.102715	300	300	
	0.0255834	0.102715	300	300	
	0.0371176	0.111975	300	300	
	0.0490328	0.111975	300	300	
	0.0764863	0.121234	300	300	
	0.101234	0.121234	300	300	
	0.109382	0.121234	300	300	
	0.113641	0.130493	300	300	
	0.11753	0.130493	300	300	
	0.121049	0.149012	300	300	
	0.128827	0.158271	300	300	
	0.132345	0.158271	300	300	
	0.136789	0.158271	300	300	
	0.139382	0.158271	300	300	
	0.142345	0.158271	300	300	
	0.143456	0.158271	300	300	

	0.720888	0.368147	300	300	
	0.619075	0.330496	300	300	
	0.554111	0.330496	300	300	
	0.492916	0.175063	300	300	
	0.40648	0.132582	300	300	
	0.352387	0.0449352	300	300	
	0.274671	0.0449352	300	300	
	0.250933	0.0449352	300	300	
	0.218914	0.0297523	300	300	
	0.178686	0.122843	300	300	
	0.149881	0.122843	300	300	
	0.122816	0.234568	300	300	
	0.0600276	0.259259	300	300	
	0.0425857	0.259259	300	300	
	0.0224523	0.259259	300	300	
	0.0110329	0.259259	300	300	
	0.0016962	0.259259	300	300	
	0.0173606	0.259259	300	300	
	0.0724086	0.308642	300	300	
	0.0866728	0.308642	300	300	
	0.101948	0.308642	300	300	
	0.119406	0.308642	300	300	
	0.138851	0.308642	300	300	
	0.153122	0.308642	300	300	
	0.204579	0.308642	300	300	
	0.212459	0.308642	300	300	
	0.231324	0.308642	300	300	
	0.249139	0.308642	300	300	
	0.270769	0.308642	300	300	
	0.278126	0.308642	300	300	
	0.296151	0.308642	300	300	
	0.303704	0.308642	300	300	
	0.308642	0.308642	300	300	
	0.309136	0.320988	300	300	
	0.30963	0.320988	300	300	
	0.310371	0.320988	300	300	
	0.311605	0.320988	300	300	
	0.313827	0.320988	300	300	
	0.317531	0.320988	300	300	
	0.320988	0.320988	300	300	
	0.321235	0.333333	300	300	

	0.676977	0.290545	300	300	
	0.562319	0.135956	300	300	
	0.493099	0.135956	300	300	
	0.436494	0.135956	300	300	
	0.382484	0.0676328	300	300	
	0.311235	0.0572809	300	300	
	0.232326	0.0572809	300	300	
	0.197074	0.0138026	300	300	
	0.182692	0.0020704	300	300	
	0.168019	0.0020704	300	300	
	0.161477	0.0020704	300	300	
	0.146984	0.0655625	300	300	
	0.108792	0.0655625	300	300	
	0.0923257	0.0807453	300	300	
	0.0655486	0.133195	300	300	
	0.0441684	0.133195	300	300	
	0.0301863	0.133195	300	300	
	0.0125742	0.133195	300	300	
	0.0163285	0.133195	300	300	
	0.0302277	0.182885	300	300	
	0.0420152	0.182885	300	300	
	0.0499517	0.182885	300	300	
	0.0650656	0.182885	300	300	
	0.0711801	0.182885	300	300	
	0.0966735	0.182885	300	300	
	0.107329	0.248447	300	300	
	0.130021	0.331263	300	300	
	0.141905	0.331263	300	300	
	0.159172	0.331263	300	300	
	0.17176	0.360939	300	300	
	0.198275	0.360939	300	300	
	0.216991	0.360939	300	300	
	0.226322	0.360939	300	300	
	0.235142	0.360939	300	300	
	0.252905	0.360939	300	300	
	0.26156	0.360939	300	300	
	0.296163	0.380952	300	300	
	0.301518	0.380952	300	300	
	0.311235	0.396825	300	300	
	0.32029	0.396825	300	300	
	0.327398	0.396825	300	300	
	0.337488	0.396825	300	300	
	0.359475	0.396825	300	300	
	0.37107	0.396825	300	300	
	0.381518	0.396825	300	300	
	0.387964	0.396825	300	300	
	0.393568	0.428571	300	300	
	0.399683	0.428571	300	300	
	0.401588	0.428571	300	300	
	0.406349	0.444444	300	300	
	0.410159	0.444444	300	300	
	0.416826	0.444444	300	300	
	0.418095	0.444444	300	300	
	0.420318	0.444444	300	300	
	0.42508	0.444444	300	300	

	0.645044	0.293988	300	300	
	0.537933	0.293988	300	300	
	0.457493	0.293988	300	300	
	0.372111	0.109238	300	300	
	0.333196	0.105572	300	300	
	0.292947	0.0183285	300	300	
	0.223842	0.0410557	300	300	
	0.190132	0.0410557	300	300	
	0.166716	0.0652493	300	300	
	0.149531	0.0652493	300	300	
	0.139795	0.0652493	300	300	
	0.116642	0.0652493	300	300	
	0.0549413	0.0652493	300	300	
	0.0478886	0.0652493	300	300	
	0.0333724	0.0652493	300	300	
	0.0213197	0.0828446	300	300	
	0.0146041	0.0828446	300	300	
	0.00630499	0.0865103	300	300	
	0.0269501	0.173754	300	300	
	0.0384164	0.173754	300	300	
	0.0403665	0.173754	300	300	
	0.0501026	0.173754	300	300	
	0.0544574	0.173754	300	300	
	0.0609824	0.192815	300	300	
	0.0895454	0.23827	300	300	
	0.0947654	0.23827	300	300	
	0.104311	0.23827	300	300	
	0.109927	0.23827	300	300	
	0.114252	0.23827	300	300	
	0.119824	0.276393	300	300	
	0.161085	0.306452	300	300	
	0.177845	0.390029	300	300	
	0.193021	0.390029	300	300	
	0.204164	0.390029	300	300	
	0.21522	0.390029	300	300	
	0.223402	0.390029	300	300	
	0.260806	0.390029	300	300	
	0.27544	0.390029	300	300	
	0.292962	0.390029	300	300	
	0.315499	0.390029	300	300	
	0.33151	0.390029	300	300	
	0.351173	0.390029	300	300	
	0.36673	0.390029	300	300	
	0.380469	0.412757	300	300	
	0.385557	0.412757	300	300	
	0.389194	0.412757	300	300	
	0.390484	0.412757	300	300	
	0.390938	0.412757	300	300	
	0.391393	0.412757	300	300	
	0.391847	0.412757	300	300	
	0.393211	0.412757	300	300	
	0.39412	0.412757	300	300	
	0.39412	0.412757	300	300	
	0.395484	0.412757	300	300	

	0.391897	0.163793	300	300	
	0.23431	0.163793	300	300	
	0.173793	0.163793	300	300	
	0.122586	0.163793	300	300	
	0.0753448	0.206897	300	300	
	0.0532759	0.206897	300	300	
	0.0267241	0.241379	300	300	
	0.0506896	0.241379	300	300	
	0.0837931	0.37931	300	300	
	0.106897	0.37931	300	300	
	0.131034	0.37931	300	300	
	0.151379	0.37931	300	300	
	0.227414	0.413793	300	300	
	0.239138	0.413793	300	300	
	0.258448	0.482759	300	300	
	0.271552	0.482759	300	300	
	0.282586	0.482759	300	300	
	0.301897	0.482759	300	300	
	0.35931	0.551724	300	300	
	0.389483	0.62069	300	300	
	0.414138	0.62069	300	300	
	0.423966	0.62069	300	300	
	0.44069	0.62069	300	300	
	0.462069	0.62069	300	300	
	0.510345	0.62069	300	300	
	0.527587	0.62069	300	300	
	0.56	0.758621	300	300	
	0.582758	0.758621	300	300	
	0.608965	0.758621	300	300	
	0.626896	0.758621	300	300	
	0.658621	0.758621	300	300	
	0.672069	0.793103	300	300	
	0.696897	0.793103	300	300	
	0.717759	0.827586	300	300	
	0.73931	0.931035	300	300	
	0.75931	0.931035	300	300	
	0.786897	0.931035	299.98	299	
	0.797242	0.931035	299.98	299	
	0.805518	0.965517	299.98	299	
	0.815862	0.965517	299.98	299	
	0.826897	0.965517	299.98	299	
	0.834483	0.965517	299.98	299	
	0.86	0.965517	299.98	299	
	0.864828	0.965517	299.98	299	
	0.876551	0.965517	299.9	296	
	0.87862	0.965517	299.74	292	
	0.881379	0.965517	299.74	292	
	0.885517	0.965517	299.74	292	
	0.901379	1	299.66	292	
	0.906897	1	299.66	292	
	0.911035	1	299.24	292	
	0.911724	1	299.24	292	
	0.915173	1	299.24	292	
	0.917931	1	299.24	292	
	0.940689	1	298.74	291	
	0.94	1	298.6	291	
	0.937931	1	298.02	291	
	0.938621	1	297.84	291	
	0.944138	1	297	285	
	0.940001	1	296	274	
	0.918621	1	293.38	274	
	0.903965	1	291.48	274	
	0.904827	1	290	274	
	0.912414	1	290.04	274	
	0.933793	1	288.8	274	
	0.931034	1	288.32	274	
	0.957241	1	285.2	272	
	0.946207	1	284	272	
	0.946207	1	281.7	272	
	0.936552	1	279.42	272	
	0.932414	1	277.26	271	
	0.933793	1	276.74	271	
	0.915862	1	274.3	271	
	0.914482	1	273.72	271	
	0.915862	1	273.04	271	
	0.925517	1	272.72	271	
	0.936551	1	272.32	269	
	0.93931	1	272.14	269	
	0.962758	1	271.64	267	
	0.986207	1	272.02	267	
	0.991724	1	271.5	267	
	0.991724	1	271.24	267	
	0.987586	1	270.76	267	
	0.987586	1	270.5	267	
	0.990345	1	270.44	267	
	0.990345	1	270.44	267	
	0.997241	1	270.72	265	
	0.997241	1	270.66	265	
	0.995862	1	270.38	265	
	0.994483	1	270.26	265	
	0.987586	1	269.58	263	
	0.987586	1	269.5	263	
	0.984828	1	269.02	263	
	0.983448	1	268.78	263	
	0.977931	1	268.08	263	
	0.976552	1	267.86	263	
	0.982069	1	265.68	263	
	0.98069	1	265.22	263	
	0.986207	1	264.36	259	
	0.986207	1	264.04	258	
	0.995862	1	263.26	258	

	0.479517	0.862069	222.92	41	
	0.622793	1	179.58	41	
	0.693793	1	154.16	41	
	0.728448	1	143.38	41	
	0.771793	1	141.4	41	
	0.819207	1	137.46	41	
	0.868103	1	100.88	41	
	0.868448	1	88.18	41	
	0.895862	1	80.44	41	
	0.915	1	73.92	41	
	0.915517	1	65.62	41	
	0.917241	1	58.74	41	
	0.904827	1	49.26	40	
	0.89931	1	44.76	40	
	0.907586	1	42.36	40	
	0.904827	1	41.16	39	
	0.92	1	40.98	39	
	0.940689	1	40.8	39	
	0.936551	1	40.38	39	
	0.940689	1	40.22	39	
	0.951724	1	40.1	39	
	0.958621	1	40.06	39	
	0.958621	1	39.94	39	
	0.958621	1	39.82	39	
	0.971034	1	39.76	39	
	0.972414	1	39.66	39	
	0.973793	1	39.48	38	
	0.971034	1	39.4	38	
	0.965517	1	39.3	38	
	0.962758	1	39.2	38	
	0.958621	1	38.98	37	
	0.96	1	38.9	37	
	0.962758	1	38.92	37	
	0.961379	1	38.8	37	
	0.966896	1	38.72	37	
	0.971034	1	38.66	37	
	0.97931	1	38.52	37	
	0.976552	1	38.42	37	
	0.969655	1	38.28	37	
	0.965517	1	38.22	37	
	0.965517	1	38.16	37	
	0.968276	1	38.16	37	
	0.969655	1	37.98	37	
	0.971034	1	37.94	37	
	0.975172	1	37.92	37	
	0.977931	1	37.92	37	
	0.983448	1	37.92	37	
	0.990345	1	37.92	37	
	0.995862	1	37.88	37	
	0.995862	1	37.86	37	
	0.994483	1	37.82	37	
	0.994483	1	37.82	37	
	0.994483	1	37.82	37	
	0.993103	1	37.8	37	
	0.993103	1	37.8	37	
	0.993103	1	37.78	37	
	0.993103	1	37.78	37	
	0.993103	1	37.78	37	
	0.993103	1	37.78	37	
	0.993103	1	37.78	37	
	0.991724	1	37.76	37	
	0.991724	1	37.76	37	
	0.991724	1	37.76	37	
	0.991724	1	37.76	37	
	0.991724	1	37.74	37	
	0.991724	1	37.74	37	
	0.991724	1	37.74	37	
	0.991724	1	37.72	37	
	0.991724	1	37.72	37	
	0.990345	1	37.68	37	
	0.990345	1	37.68	37	
	0.990345	1	37.66	37	
	0.990345	1	37.64	37	
	0.990345	1	37.62	37	
	0.990345	1	37.56	37	
	0.988965	1	37.54	37	
	0.988965	1	37.54	37	
	0.988965	1	37.54	37	
	0.988965	1	37.48	37	
	0.988965	1	37.46	37	
	0.988965	1	37.46	37	
	0.988965	1	37.46	37	
	0.988965	1	37.4	37	
	0.987586	1	37.36	37	
	0.987586	1	37.36	37	
	0.986207	1	37.34	37	
	0.986207	1	37.3	37	
	0.984828	1	37.24	37	
	0.984828	1	37.24	37	
	0.984828	1	37.22	37	
	0.98069	1	37.12	37	
	0.97931	1	37.1	37	
	0.975172	1	37.04	37	
	0.976552	1	37.04	37	
	0.977931	1	37.04	37	
	0.97931	1	37.04	37	
	0.982069	1	37.04	37	
	0.983448	1	37.04	37	
	0.986207	1	37.04	37	
	0.990345	1	37.08	37	
	0.990345	1	37.06	37	


start:
	0.550171	0.0854167	300	300	
	0.395134	0.0854167	300	300	
	0.304991	0.0854167	300	300	
	0.259125	0.0854167	300	300	
	0.226134	0.0854167	300	300	
	0.205417	0.0854167	300	300	
	0.197162	0.0854167	300	300	
	0.182907	0.0854167	300	300	
	0.163819	0.0854167	300	300	
	0.143722	0.0854167	300	300	
	0.129806	0.0747685	300	300	
	0.125602	0.0747685	300	300	
	0.125602	0.0747685	300	300	
	0.122042	0.0685185	300	300	
	0.118426	0.0560185	300	300	
	0.117301	0.0560185	300	300	
	0.116051	0.0560185	300	300	
	0.11038	0.00925926	300	300	
	0.108213	0.00925926	300	300	
	0.10162	0.00925926	300	300	
	0.100495	0.00925926	300	300	

	0.466971	0.038853	300	300	
	0.318059	0.038853	300	300	
	0.261583	0.038853	300	300	
	0.202647	0.038853	300	300	
	0.167269	0.038853	300	300	
	0.132823	0.0645161	300	300	
	0.12767	0.0645161	300	300	
	0.114727	0.0645161	300	300	
	0.10521	0.0645161	300	300	
	0.0912975	0.0645161	300	300	
	0.0774996	0.0645161	300	300	
	0.0643269	0.0645161	300	300	
	0.0566968	0.0645161	300	300	
	0.0384774	0.0645161	300	300	
	0.0216029	0.0645161	300	300	
	0.00568603	0.0645161	300	300	
	0.00375053	0.0645161	300	300	
	0.0167455	0.0645161	300	300	
	0.0190796	0.0645161	300	300	
	0.0234122	0.0645161	300	300	
	0.0301878	0.0709677	300	300	
	0.0329032	0.0709677	300	300	
	0.0350968	0.0709677	300	300	
	0.0369032	0.0709677	300	300	
	0.0374193	0.0709677	300	300	
	0.0394839	0.0709677	300	300	
	0.0418064	0.0709677	300	300	
	0.0431598	0.0709677	300	300	

	0.6141	0.178396	300	300	
	0.499709	0.178396	300	300	
	0.422179	0.113996	300	300	
	0.383937	0.113996	300	300	
	0.337397	0.113996	300	300	
	0.314143	0.102487	300	300	
	0.272788	0.0320824	300	300	
	0.248706	0.0115085	300	300	
	0.210774	0.00173657	300	300	
	0.183811	0.00173657	300	300	
	0.16181	0.00173657	300	300	
	0.135381	0.00173657	300	300	
	0.103352	0.00173657	300	300	
	0.0865454	0.00835909	300	300	
	0.065308	0.0348492	300	300	
	0.0549498	0.0348492	300	300	
	0.0369572	0.0348492	300	300	
	0.0193171	0.0348492	300	300	
	0.00157822	0.0745842	300	300	
	0.0117887	0.0745842	300	300	
	0.0157622	0.0745842	300	300	
	0.0181463	0.0745842	300	300	
	0.0200006	0.0745842	300	300	
	0.0230817	0.0745842	300	300	
	0.0339773	0.0812068	300	300	
	0.0356644	0.0812068	300	300	
	0.0383276	0.0812068	300	300	
	0.0392547	0.0812068	300	300	
	0.041869	0.0812068	300	300	
	0.0438558	0.0878293	300	300	
	0.0524651	0.0878293	300	300	
	0.0552465	0.0878293	300	300	
	0.058028	0.0878293	300	300	
	0.0596174	0.0878293	300	300	
	0.0616041	0.0878293	300	300	

	0.582393	0.141237	300	300	
	0.408113	0.0276449	300	300	
	0.329563	0.0276449	300	300	
	0.244014	0.0276449	300	300	
	0.210015	0.0276449	300	300	
	0.162611	0.0276449	300	300	
	0.125345	0.0276449	300	300	
	0.104291	0.0276449	300	300	
	0.0871267	0.0276449	300	300	
	0.082213	0.0276449	300	300	
	0.0793982	0.0276449	300	300	
	0.0762871	0.0276449	300	300	
	0.066756	0.00542264	300	300	
	0.0620152	0.00542264	300	300	
	0.0574226	0.00542264	300	300	
	0.0523856	0.00542264	300	300	
	0.0510523	0.00542264	300	300	
	0.0500152	0.00542264	300	300	
	0.0429041	0.00198476	300	300	

	0.755	0.452778	300	300	
	0.644222	0.344444	300	300	
	0.589278	0.25	300	300	
	0.537222	0.25	300	300	
	0.484667	0.25	300	300	
	0.410722	0.175	300	300	
	0.391556	0.175	300	300	
	0.376944	0.175	300	300	
	0.355278	0.175	300	300	
	0.3295	0.175	300	300	
	0.300667	0.175	300	300	
	0.266111	0.0444444	300	300	
	0.224722	0.0444444	300	300	
	0.197667	0.0444444	300	300	
	0.174111	0.0444444	300	300	
	0.156833	0.0444444	300	300	
	0.139222	0.0666667	300	300	
	0.122944	0.0666667	300	300	
	0.0942778	0.0666667	300	300	
	0.081	0.0666667	300	300	
	0.0656111	0.075	300	300	
	0.055	0.075	300	300	
	0.0390555	0.075	300	300	
	0.0193889	0.0833333	300	300	
	0.0121667	0.0833333	300	300	
	0.0295	0.15	300	300	
	0.0405555	0.15	300	300	
	0.0516111	0.15	300	300	
	0.0667223	0.15	300	300	
	0.0706112	0.15	300	300	
	0.0861667	0.15	300	300	
	0.0907778	0.15	300	300	
	0.0963333	0.15	300	300	
	0.0980555	0.15	300	300	
	0.103833	0.15	300	300	
	0.1085	0.15	300	300	
	0.130833	0.15	300	300	
	0.136833	0.15	300	300	
	0.1415	0.15	300	300	
	0.145667	0.158333	300	300	
	0.148	0.158333	300	300	
	0.1505	0.158333	300	300	
	0.153167	0.175	300	300	
	0.155167	0.183333	300	300	
	0.1585	0.183333	300	300	
	0.162	0.191667	300	300	
	0.164167	0.191667	300	300	

	0.770167	0.146581	300	300	
	0.637731	0.146581	300	300	
	0.542526	0.105769	300	300	
	0.461291	0.105769	300	300	
	0.361551	0.105769	300	300	
	0.265923	0.105769	300	300	
	0.174718	0.105769	300	300	
	0.108645	0.105769	300	300	
	0.0636325	0.105769	300	300	
	0.00873077	0.115385	300	300	
	0.0368419	0.115385	300	300	
	0.0623761	0.115385	300	300	
	0.09	0.125	300	300	
	0.0974999	0.134615	300	300	
	0.102885	0.153846	300	300	
	0.106923	0.153846	300	300	
	0.109038	0.153846	300	300	
	0.114231	0.153846	300	300	
	0.125577	0.182692	300	300	
	0.130385	0.182692	300	300	
	0.135769	0.182692	300	300	
	0.140192	0.182692	300	300	
	0.145769	0.182692	300	300	
	0.150192	0.182692	300	300	
	0.160577	0.192308	300	300	
	0.165962	0.192308	300	300	
	0.171539	0.192308	300	300	
	0.175192	0.192308	300	300	
	0.178269	0.192308	300	300	
	0.180962	0.192308	300	300	
	0.186731	0.201923	300	300	
	0.188654	0.201923	300	300	
	0.192308	0.201923	300	300	
	0.195192	0.201923	300	300	
	0.198269	0.211538	300	300	

	0.716348	0.33871	300	300	
	0.580828	0.244982	300	300	
	0.501269	0.244982	300	300	
	0.429796	0.244982	300	300	
	0.385265	0.0487455	300	300	
	0.350903	0.0645161	300	300	
	0.308563	0.069534	300	300	
	0.279229	0.069534	300	300	
	0.250613	0.069534	300	300	
	0.207871	0.069534	300	300	
	0.166384	0.069534	300	300	
	0.141613	0.069534	300	300	
	0.0942724	0.0802867	300	300	
	0.075043	0.0802867	300	300	
	0.0646093	0.0802867	300	300	
	0.0503728	0.0802867	300	300	
	0.0389104	0.0802867	300	300	
	0.0274982	0.0802867	300	300	
	0.00140142	0.0910394	300	300	
	0.00948386	0.0910394	300	300	
	0.032577	0.158423	300	300	
	0.0475627	0.158423	300	300	
	0.0610645	0.158423	300	300	
	0.0771505	0.192115	300	300	
	0.0864767	0.192115	300	300	
	0.0919175	0.224373	300	300	
	0.0965448	0.224373	300	300	
	0.0989104	0.224373	300	300	
	0.099448	0.224373	300	300	
	0.103018	0.224373	300	300	
	0.128774	0.224373	300	300	
	0.140272	0.224373	300	300	
	0.16486	0.236559	300	300	
	0.177634	0.236559	300	300	
	0.187799	0.236559	300	300	
	0.199785	0.258065	300	300	
	0.217419	0.258065	300	300	
	0.232287	0.258065	300	300	
	0.240043	0.268817	300	300	
	0.245935	0.268817	300	300	
	0.252602	0.268817	300	300	
	0.256989	0.27957	300	300	
	0.262796	0.27957	300	300	
	0.265376	0.27957	300	300	
	0.267742	0.290323	300	300	
	0.271398	0.290323	300	300	
	0.272258	0.290323	300	300	
	0.273763	0.290323	300	300	

	0.713588	0.267123	300	300	
	0.615878	0.267123	300	300	
	0.529047	0.267123	300	300	
	0.462006	0.267123	300	300	
	0.40526	0.267123	300	300	
	0.385189	0.267123	300	300	
	0.354116	0.235997	300	300	
	0.341562	0.160807	300	300	
	0.315408	0.140411	300	300	
	0.285113	0.095586	300	300	
	0.25612	0.0891933	300	300	
	0.226449	0.0891933	300	300	
	0.174714	0.0891933	300	300	
	0.15186	0.0891933	300	300	
	0.124225	0.0891933	300	300	
	0.0994916	0.0891933	300	300	
	0.0791598	0.0891933	300	300	
	0.0604856	0.0891933	300	300	
	0.0353683	0.0891933	300	300	
	0.0209011	0.0891933	300	300	
	0.00084475	0.0891933	300	300	
	0.0261644	0.157686	300	300	
	0.0420396	0.157686	300	300	
	0.0507884	0.157686	300	300	
	0.0644931	0.22618	300	300	
	0.0707884	0.22618	300	300	
	0.0778326	0.22618	300	300	
	0.0822222	0.22618	300	300	
	0.0874277	0.22618	300	300	
	0.0894856	0.22618	300	300	
	0.103586	0.22618	300	300	
	0.110709	0.22618	300	300	
	0.115361	0.22618	300	300	
	0.116731	0.22618	300	300	
	0.1181	0.22618	300	300	
	0.123032	0.22618	300	300	
	0.150155	0.22618	300	300	
	0.159062	0.22618	300	300	
	0.171391	0.22618	300	300	
	0.178782	0.22618	300	300	
	0.182618	0.22618	300	300	
	0.18618	0.22618	300	300	
	0.195221	0.22618	300	300	
	0.197139	0.22618	300	300	
	0.200974	0.239878	300	300	
	0.203988	0.239878	300	300	
	0.208371	0.239878	300	300	
	0.210837	0.239878	300	300	
	0.220152	0.239878	300	300	

	0.622667	0.266667	300	300	
	0.485444	0.0222222	300	300	
	0.404333	0.0222222	300	300	
	0.34	0.0222222	300	300	
	0.300889	0.0222222	300	300	
	0.276444	0.0222222	300	300	
	0.200222	0.00555557	300	300	
	0.184111	0.0166667	300	300	
	0.162	0.0166667	300	300	
	0.127111	0.0666667	300	300	
	0.113556	0.0666667	300	300	
	0.102111	0.0666667	300	300	
	0.0598889	0.122222	300	300	
	0.0496667	0.122222	300	300	
	0.0444444	0.122222	300	300	
	0.0388889	0.122222	300	300	
	0.0271111	0.122222	300	300	
	0.0215556	0.122222	300	300	
	0.0266667	0.177778	300	300	
	0.0347778	0.177778	300	300	
	0.041	0.177778	300	300	
	0.0446667	0.177778	300	300	
	0.0494444	0.177778	300	300	
	0.0554444	0.177778	300	300	
	0.0881111	0.188889	300	300	
	0.0944445	0.188889	300	300	
	0.105111	0.194444	300	300	
	0.114333	0.194444	300	300	
	0.121333	0.194444	300	300	
	0.135889	0.194444	300	300	
	0.158556	0.277778	300	300	
	0.167556	0.277778	300	300	
	0.181889	0.277778	300	300	
	0.187556	0.277778	300	300	
	0.195778	0.277778	300	300	
	0.206222	0.277778	300	300	
	0.222	0.294444	300	300	
	0.230778	0.294444	300	300	
	0.241667	0.294444	300	300	
	0.250778	0.294444	300	300	
	0.259111	0.294444	300	300	
	0.270333	0.333333	300	300	
	0.283111	0.333333	300	300	
	0.291778	0.4	300	300	
	0.303111	0.4	300	300	
	0.314111	0.4	300	300	
	0.323111	0.4	300	300	
	0.333222	0.4	300	300	
	0.352889	0.4	300	300	
	0.363	0.4	300	300	
	0.373333	0.416667	300	300	
	0.386667	0.416667	300	300	
	0.396	0.416667	300	300	
	0.403333	0.45	300	300	
	0.410666	0.45	300	300	
	0.416	0.45	300	300	
	0.421	0.45	300	300	
	0.423333	0.45	300	300	
	0.427	0.45	300	300	
	0.432	0.45	300	300	
	0.438666	0.45	300	300	
	0.441	0.45	300	300	

	0.519889	0.0277778	300	300	
	0.405333	0.0277778	300	300	
	0.331444	0.0277778	300	300	
	0.287778	0.0277778	300	300	
	0.234555	0.0277778	300	300	
	0.203778	0.0222222	300	300	
	0.130778	0.00555554	300	300	
	0.118	0.155556	300	300	
	0.108333	0.155556	300	300	
	0.0976666	0.155556	300	300	
	0.0853333	0.155556	300	300	
	0.0651111	0.155556	300	300	
	0.0131111	0.155556	300	300	
	0.000111116	0.155556	300	300	
	0.0106667	0.2	300	300	
	0.0257778	0.266667	300	300	
	0.0416667	0.266667	300	300	
	0.0553333	0.266667	300	300	
	0.099	0.266667	300	300	
	0.104444	0.266667	300	300	
	0.107222	0.266667	300	300	
	0.118111	0.266667	300	300	
	0.128667	0.266667	300	300	
	0.131445	0.266667	300	300	
	0.167222	0.266667	300	300	
	0.181889	0.266667	300	300	
	0.201	0.266667	300	300	
	0.212667	0.266667	300	300	
	0.224	0.266667	300	300	
	0.231556	0.266667	300	300	
	0.244	0.266667	300	300	
	0.249333	0.266667	300	300	
	0.258667	0.288889	300	300	
	0.266222	0.288889	300	300	
	0.269778	0.288889	300	300	
	0.272889	0.311111	300	300	
	0.277778	0.355556	300	300	
	0.282222	0.355556	300	300	
	0.288889	0.355556	300	300	
	0.291556	0.355556	300	300	
	0.299111	0.355556	300	300	

	0.393919	0.0782989	300	300	
	0.236653	0.0782989	300	300	
	0.162075	0.235294	300	300	
	0.0873927	0.235294	300	300	
	0.0411844	0.265103	300	300	
	0.0264388	0.265103	300	300	
	0.0424801	0.265103	300	300	
	0.0670748	0.265103	300	300	
	0.0887441	0.265103	300	300	
	0.105238	0.265103	300	300	
	0.114054	0.265103	300	300	
	0.136415	0.274245	300	300	
	0.194905	0.343005	300	300	
	0.210644	0.353339	300	300	
	0.230795	0.353339	300	300	
	0.253776	0.353339	300	300	
	0.267989	0.353339	300	300	
	0.276924	0.416534	300	300	
	0.304038	0.416534	300	300	
	0.313466	0.416534	300	300	
	0.322917	0.509539	300	300	
	0.329658	0.509539	300	300	
	0.347949	0.509539	300	300	
	0.351359	0.509539	300	300	
	0.375366	0.509539	300	300	
	0.379777	0.509539	300	300	
	0.384944	0.509539	300	300	
	0.388871	0.509539	300	300	
	0.397623	0.509539	300	300	
	0.401709	0.509539	300	300	
	0.430056	0.509539	300	300	
	0.437218	0.509539	300	300	
	0.442997	0.509539	300	300	
	0.444555	0.509539	300	300	
	0.447877	0.509539	300	300	
	0.455914	0.509539	300	300	
	0.479619	0.509936	300	300	
	0.48655	0.519078	300	300	
	0.493696	0.538951	300	300	
	0.503172	0.538951	300	300	
	0.507504	0.538951	300	300	
	0.509841	0.539348	300	300	
	0.51624	0.539348	300	300	
	0.524102	0.568362	300	300	
	0.533633	0.56876	300	300	
	0.542854	0.588235	300	300	
	0.550206	0.647456	300	300	

	0.127251	0.548148	296.48	126	
	0.110301	0.762963	290.58	125	
	0.190527	0.762963	286.02	125	
	0.260645	0.762963	282.54	125	
	0.299878	0.762963	276.98	125	
	0.323311	0.762963	272.88	125	
	0.405821	0.762963	244.08	124	
	0.426057	0.762963	233	124	
	0.456323	0.762963	204.18	112	
	0.52448	0.762963	176.36	112	
	0.562859	0.762963	158.64	112	
	0.604453	0.762963	140.32	112	
	0.642222	0.762963	125.34	112	
	0.652889	0.762963	123.08	93	
	0.683407	0.762963	122.06	93	
	0.709926	0.762963	121.48	93	
	0.713185	0.762963	119.74	93	
	0.713481	0.762963	118.42	93	
	0.739407	0.762963	118.54	93	
	0.738963	0.762963	116.58	93	
	0.737333	0.762963	113.04	93	
	0.733333	0.762963	108.34	93	
	0.720741	0.762963	103.34	93	
	0.718815	0.762963	98.96	93	
	0.716444	0.762963	94.88	93	
	0.733778	0.762963	94.24	92	
	0.739703	0.762963	94.02	92	
	0.739259	0.762963	93.88	92	
	0.736889	0.762963	93.66	92	
	0.742815	0.762963	93.44	91	
	0.751111	0.762963	93.3	91	
	0.747555	0.762963	93.1	91	
	0.74637	0.762963	93.08	91	
	0.744	0.762963	92.88	91	
	0.739259	0.762963	92.64	91	
	0.740444	0.762963	92.58	91	
	0.745185	0.762963	92.48	91	
	0.748741	0.762963	92.3	89	
	0.749926	0.762963	92.22	89	
	0.749926	0.762963	92.14	89	
	0.747555	0.762963	92.04	89	
	0.744	0.762963	91.94	89	
	0.749926	0.762963	91.96	89	
	0.755852	0.762963	91.94	89	
	0.757037	0.762963	91.88	89	
	0.757037	0.762963	91.84	89	
	0.755852	0.762963	91.8	89	
	0.754666	0.762963	91.64	89	
	0.755852	0.762963	91.62	89	
	0.754666	0.762963	91.52	89	
	0.753481	0.762963	91.4	89	
	0.754666	0.762963	91.34	89	
	0.754666	0.762963	91.22	89	
	0.752296	0.762963	91.12	89	
	0.751111	0.762963	91.08	89	
	0.747555	0.762963	91	89	
	0.744	0.762963	90.92	89	
	0.740444	0.762963	90.78	89	
	0.743259	0.762963	90.76	89	
	0.739704	0.762963	90.68	89	
	0.740889	0.762963	90.56	89	
	0.739704	0.762963	90.52	89	
	0.740889	0.762963	90.52	89	
	0.740444	0.762963	90.44	89	
	0.739259	0.762963	90.36	89	
	0.736889	0.762963	90.28	89	
	0.732148	0.762963	90.12	89	
	0.732148	0.762963	90.12	89	
	0.732148	0.762963	90.1	89	
	0.732148	0.762963	90.1	89	
	0.725481	0.762963	89.94	89	
	0.723111	0.762963	89.9	89	
	0.71837	0.762963	89.78	89	
	0.71837	0.762963	89.74	88	
	0.71837	0.762963	89.68	88	
	0.71837	0.762963	89.68	88	
	0.717629	0.762963	89.6	88	
	0.72237	0.762963	89.54	88	
	0.724	0.762963	89.5	88	
	0.729481	0.762963	89.5	88	
	0.730667	0.762963	89.46	88	
	0.731407	0.762963	89.42	88	
	0.732592	0.762963	89.36	88	
	0.733333	0.762963	89.34	88	
	0.732148	0.762963	89.32	88	
	0.730963	0.762963	89.28	88	
	0.729777	0.762963	89.18	88	
	0.730222	0.762963	89.18	88	
	0.731407	0.762963	89.18	88	
	0.731407	0.762963	89.16	88	
	0.732592	0.762963	89.04	87	
	0.725481	0.762963	88.82	87	
	0.723111	0.762963	88.78	87	
	0.721926	0.762963	88.76	87	
	0.725926	0.762963	88.74	87	
	0.728296	0.762963	88.66	87	
	0.729481	0.762963	88.64	87	
	0.730667	0.762963	88.62	87	
	0.730667	0.762963	88.58	87	
	0.735407	0.822222	88.5	87	
	0.736592	0.822222	88.46	87	


start:
	0.566662	0.220833	300	300	
	0.430301	0.155556	300	300	
	0.354218	0.122917	300	300	
	0.296389	0.0979167	300	300	
	0.254046	0.0979167	300	300	
	0.236102	0.0979167	300	300	
	0.224894	0.0729167	300	300	
	0.214838	0.0729167	300	300	
	0.205597	0.0729167	300	300	
	0.187435	0.0416667	300	300	
	0.165245	0.0416667	300	300	
	0.156722	0.0416667	300	300	
	0.140644	0.0416667	300	300	
	0.130394	0.0416667	300	300	
	0.123921	0.0416667	300	300	
	0.118477	0.00601852	300	300	
	0.117194	0.00601852	300	300	
	0.111745	0.05	300	300	
	0.109023	0.05	300	300	
	0.106995	0.05	300	300	
	0.102815	0.05	300	300	
	0.102162	0.05	300	300	
	0.101162	0.05	300	300	
	0.0960463	0.0516204	300	300	

	0.577135	0.183983	300	300	
	0.445508	0.183983	300	300	
	0.373577	0.183983	300	300	
	0.332028	0.183983	300	300	
	0.308144	0.183983	300	300	
	0.291288	0.183983	300	300	
	0.263438	0.102309	300	300	
	0.248741	0.102309	300	300	
	0.241802	0.102309	300	300	
	0.230786	0.102309	300	300	
	0.226484	0.102309	300	300	
	0.223172	0.102309	300	300	
	0.192821	0.105099	300	300	
	0.175744	0.105099	300	300	
	0.167909	0.105099	300	300	
	0.162936	0.105099	300	300	
	0.151569	0.105099	300	300	
	0.144494	0.105099	300	300	
	0.12845	0.105099	300	300	
	0.11762	0.105099	300	300	
	0.106839	0.105099	300	300	
	0.0963328	0.105099	300	300	
	0.0914334	0.105099	300	300	
	0.0749457	0.118086	300	300	
	0.0407792	0.13189	300	300	
	0.038709	0.13189	300	300	
	0.0330659	0.13189	300	300	
	0.0294545	0.13189	300	300	
	0.0208062	0.13189	300	300	
	0.00627514	0.13189	300	300	
	0.03205	0.16354	300	300	
	0.0539836	0.183838	300	300	
	0.0738595	0.190332	300	300	
	0.0849755	0.190332	300	300	
	0.0979721	0.190332	300	300	
	0.106691	0.190332	300	300	
	0.127528	0.196825	300	300	
	0.142919	0.213468	300	300	
	0.156175	0.213468	300	300	
	0.166671	0.213468	300	300	
	0.171485	0.213468	300	300	
	0.180877	0.226455	300	300	
	0.190228	0.226455	300	300	
	0.196178	0.252429	300	300	
	0.201876	0.252429	300	300	
	0.206697	0.252429	300	300	
	0.211495	0.252429	300	300	
	0.214799	0.265416	300	300	
	0.220895	0.265416	300	300	
	0.224068	0.265416	300	300	

	0.604373	0.238648	300	300	
	0.496185	0.13399	300	300	
	0.436037	0.13399	300	300	
	0.374921	0.13399	300	300	
	0.335323	0.13399	300	300	
	0.295155	0.104331	300	300	
	0.245286	0.104331	300	300	
	0.218353	0.00518373	300	300	
	0.195171	0.00518373	300	300	
	0.178228	0.00518373	300	300	
	0.156339	0.0366798	300	300	
	0.140135	0.0366798	300	300	
	0.113269	0.0765092	300	300	
	0.105293	0.0765092	300	300	
	0.092164	0.0765092	300	300	
	0.0712008	0.0848425	300	300	
	0.0581601	0.0848425	300	300	
	0.03442	0.0848425	300	300	
	0.0116457	0.119357	300	300	
	0.028311	0.119357	300	300	
	0.0428767	0.119357	300	300	
	0.0535564	0.119357	300	300	
	0.0594436	0.119357	300	300	
	0.0718346	0.182349	300	300	
	0.0831955	0.182349	300	300	
	0.0883123	0.182349	300	300	
	0.0938137	0.182349	300	300	
	0.102547	0.232349	300	300	
	0.106441	0.232349	300	300	
	0.109677	0.232349	300	300	
	0.129322	0.232349	300	300	
	0.131938	0.232349	300	300	
	0.138362	0.232349	300	300	
	0.14065	0.232349	300	300	
	0.150047	0.232349	300	300	
	0.153127	0.232349	300	300	
	0.164178	0.234186	300	300	
	0.167512	0.234186	300	300	
	0.171642	0.234186	300	300	
	0.178615	0.240682	300	300	
	0.180713	0.240682	300	300	
	0.187159	0.240682	300	300	
	0.192179	0.240682	300	300	
	0.196958	0.240682	300	300	
	0.201181	0.257349	300	300	
	0.204774	0.265682	300	300	
	0.212314	0.274016	300	300	


start:
	0.574366	0.245833	300	300	
	0.418986	0.169676	300	300	
	0.338977	0.129167	300	300	
	0.294213	0.129167	300	300	
	0.269764	0.0979167	300	300	
	0.239986	0.0979167	300	300	
	0.224912	0.0666667	300	300	
	0.203838	0.0666667	300	300	
	0.176181	0.0666667	300	300	
	0.138671	0.0282407	300	300	
	0.114745	0.0282407	300	300	
	0.0968426	0.0282407	300	300	
	0.0887593	0.0282407	300	300	
	0.0837454	0.0282407	300	300	
	0.0702037	0.0532407	300	300	
	0.0498056	0.0532407	300	300	
	0.0337037	0.0532407	300	300	
	0.0146806	0.05625	300	300	
	0.00256945	0.0861111	300	300	
	0.012213	0.0861111	300	300	
	0.0196389	0.0861111	300	300	
	0.0339167	0.0861111	300	300	
	0.0376852	0.0861111	300	300	
	0.0395602	0.0861111	300	300	
	0.0446528	0.1	300	300	
	0.0473426	0.1	300	300	
	0.0483426	0.1	300	300	
	0.0498426	0.1	300	300	
	0.0520972	0.1	300	300	
	0.0552222	0.1	300	300	
	0.0600093	0.1	300	300	
	0.0635694	0.1	300	300	

	0.43689	0.0923423	300	300	
	0.33363	0.0923423	300	300	
	0.270045	0.0923423	300	300	
	0.248479	0.0923423	300	300	
	0.238095	0.0923423	300	300	
	0.218221	0.0923423	300	300	
	0.192256	0.045045	300	300	
	0.179446	0.045045	300	300	
	0.162429	0.045045	300	300	
	0.138048	0.045045	300	300	
	0.127031	0.045045	300	300	
	0.115811	0.0374374	300	300	
	0.0920801	0.10966	300	300	
	0.0869239	0.10966	300	300	
	0.0775416	0.10966	300	300	
	0.0701201	0.10966	300	300	
	0.0628168	0.10966	300	300	
	0.0541382	0.10966	300	300	
	0.0290661	0.112262	300	300	
	0.0252032	0.112262	300	300	
	0.0184805	0.112262	300	300	
	0.00656356	0.128378	300	300	
	0.00455956	0.128378	300	300	
	0.0152743	0.128378	300	300	
	0.0360821	0.135135	300	300	
	0.043016	0.135135	300	300	
	0.0522723	0.141892	300	300	
	0.0564344	0.141892	300	300	
	0.0620791	0.141892	300	300	
	0.0662162	0.141892	300	300	
	0.076974	0.141892	300	300	
	0.0806016	0.141892	300	300	
	0.0833323	0.141892	300	300	
	0.0923553	0.141892	300	300	
	0.101544	0.148649	300	300	
	0.11349	0.148649	300	300	
	0.124166	0.162162	300	300	
	0.131828	0.189189	300	300	
	0.138377	0.189189	300	300	
	0.142484	0.189189	300	300	
	0.150321	0.209459	300	300	
	0.153711	0.209459	300	300	
	0.161746	0.209459	300	300	
	0.167723	0.22973	300	300	
	0.173336	0.22973	300	300	
	0.176549	0.22973	300	300	
	0.180436	0.22973	300	300	

	0.584613	0.228495	300	300	
	0.470943	0.204301	300	300	
	0.409922	0.196237	300	300	
	0.36438	0.177778	300	300	
	0.315784	0.177778	300	300	
	0.27578	0.0674433	300	300	
	0.249741	0.0674433	300	300	
	0.231858	0.0674433	300	300	
	0.219775	0.0674433	300	300	
	0.198067	0.0967742	300	300	
	0.191952	0.0967742	300	300	
	0.177294	0.0967742	300	300	
	0.147607	0.0967742	300	300	
	0.140409	0.0967742	300	300	
	0.128332	0.0967742	300	300	
	0.120197	0.0967742	300	300	
	0.110419	0.0967742	300	300	
	0.093957	0.0967742	300	300	
	0.0661876	0.112903	300	300	
	0.042049	0.112903	300	300	
	0.026448	0.112903	300	300	
	0.00477779	0.112903	300	300	
	0.0189116	0.112903	300	300	
	0.0294122	0.112903	300	300	
	0.0621493	0.145161	300	300	
	0.077178	0.145161	300	300	
	0.0882258	0.145161	300	300	
	0.0975244	0.16129	300	300	
	0.104888	0.16129	300	300	
	0.114726	0.177419	300	300	
	0.131122	0.177419	300	300	
	0.140589	0.193548	300	300	
	0.150428	0.217742	300	300	
	0.158706	0.217742	300	300	
	0.165319	0.217742	300	300	
	0.171879	0.217742	300	300	
	0.184085	0.233871	300	300	
	0.192472	0.233871	300	300	
	0.200049	0.233871	300	300	
	0.206932	0.233871	300	300	
	0.214569	0.241935	300	300	
	0.2179	0.241935	300	300	
	0.223384	0.241935	300	300	
	0.226448	0.241935	300	300	
	0.22844	0.241935	300	300	
	0.231182	0.25	300	300	
	0.233548	0.25	300	300	

	0.602937	0.178405	300	300	
	0.478876	0.178405	300	300	
	0.415181	0.178405	300	300	
	0.373052	0.178405	300	300	
	0.346757	0.178405	300	300	
	0.325516	0.106153	300	300	
	0.284533	0.106153	300	300	
	0.258268	0.106153	300	300	
	0.238104	0.106153	300	300	
	0.225424	0.106153	300	300	
	0.217725	0.106153	300	300	
	0.199405	0.0216535	300	300	
	0.179399	0.00313503	300	300	
	0.174424	0.00313503	300	300	
	0.169251	0.00313503	300	300	
	0.167528	0.00313503	300	300	
	0.165198	0.00313503	300	300	
	0.155639	0.0376203	300	300	
	0.136483	0.0376203	300	300	
	0.131582	0.0376203	300	300	
	0.13098	0.0376203	300	300	
	0.121411	0.0783756	300	300	
	0.117062	0.0783756	300	300	
	0.104743	0.0783756	300	300	
	0.0649402	0.106153	300	300	
	0.0469496	0.106153	300	300	
	0.0401064	0.106153	300	300	
	0.0175211	0.106153	300	300	
	0.0112949	0.124672	300	300	
	0.0429542	0.124672	300	300	
	0.0655176	0.124672	300	300	
	0.078189	0.124672	300	300	
	0.0853368	0.124672	300	300	
	0.0879673	0.124672	300	300	
	0.0929294	0.124672	300	300	
	0.093485	0.124672	300	300	
	0.0971143	0.124672	300	300	
	0.0985958	0.124672	300	300	
	0.102151	0.14319	300	300	
	0.104596	0.14319	300	300	
	0.108708	0.14319	300	300	
	0.111337	0.14319	300	300	

	0.61527	0.167954	300	300	
	0.516081	0.167954	300	300	
	0.444601	0.154762	300	300	
	0.386821	0.154762	300	300	
	0.322201	0.118082	300	300	
	0.284498	0.0344273	300	300	
	0.227304	0.0344273	300	300	
	0.207477	0.0344273	300	300	
	0.189138	0.0344273	300	300	
	0.180135	0.0344273	300	300	
	0.156866	0.132239	300	300	
	0.150225	0.132239	300	300	
	0.101969	0.132239	300	300	
	0.0978443	0.132239	300	300	
	0.082529	0.132239	300	300	
	0.0711197	0.132239	300	300	
	0.0672844	0.132239	300	300	
	0.0536551	0.132239	300	300	
	0.0314286	0.132239	300	300	
	0.0199163	0.132239	300	300	
	0.00986486	0.132239	300	300	
	0.00798584	0.132239	300	300	
	3.21779e-05	0.132239	300	300	
	0.00480695	0.132239	300	300	
	0.0221171	0.132239	300	300	
	0.0339318	0.132239	300	300	
	0.0445367	0.132239	300	300	
	0.0550708	0.144144	300	300	
	0.0656049	0.144144	300	300	
	0.0739125	0.144144	300	300	
	0.0889446	0.144144	300	300	
	0.099955	0.167954	300	300	
	0.106203	0.167954	300	300	
	0.111737	0.167954	300	300	
	0.121757	0.167954	300	300	
	0.129376	0.179858	300	300	
	0.137716	0.179858	300	300	
	0.142239	0.179858	300	300	
	0.146049	0.179858	300	300	
	0.150096	0.179858	300	300	
	0.15343	0.179858	300	300	
	0.155811	0.179858	300	300	
	0.159144	0.179858	300	300	
	0.163906	0.179858	300	300	
	0.164858	0.191763	300	300	

	0.530973	0.176654	300	300	
	0.410987	0.176654	300	300	
	0.370754	0.139667	300	300	
	0.328971	0.139667	300	300	
	0.290727	0.139667	300	300	
	0.259133	0.10139	300	300	
	0.223933	0.10139	300	300	
	0.200901	0.0696438	300	300	
	0.185054	0.0696438	300	300	
	0.173967	0.0696438	300	300	
	0.163816	0.0696438	300	300	
	0.143715	0.00691122	300	300	
	0.117507	0.00691122	300	300	
	0.103595	0.0532392	300	300	
	0.0901025	0.0545303	300	300	
	0.0765186	0.0849852	300	300	
	0.0696058	0.0849852	300	300	
	0.0649822	0.0849852	300	300	
	0.0326908	0.0849852	300	300	
	0.0210906	0.0849852	300	300	
	0.0102742	0.0849852	300	300	
	0.00136402	0.100858	300	300	
	0.0152305	0.100858	300	300	
	0.0243472	0.100858	300	300	
	0.0461973	0.100858	300	300	
	0.0567737	0.132604	300	300	
	0.0649806	0.132604	300	300	
	0.0698216	0.132604	300	300	
	0.0749982	0.132604	300	300	
	0.0790735	0.132604	300	300	
	0.0908924	0.132604	300	300	
	0.0987697	0.16435	300	300	
	0.103137	0.16435	300	300	
	0.104668	0.16435	300	300	
	0.107077	0.16435	300	300	
	0.111521	0.16435	300	300	
	0.11647	0.16435	300	300	
	0.123006	0.16435	300	300	
	0.128272	0.16435	300	300	
	0.138692	0.196096	300	300	
	0.143193	0.196096	300	300	
	0.149803	0.227842	300	300	
	0.157609	0.243715	300	300	
	0.166759	0.243715	300	300	
	0.171547	0.243715	300	300	
	0.175039	0.243715	300	300	
	0.180249	0.243715	300	300	
	0.186655	0.243715	300	300	
	0.188242	0.243715	300	300	
	0.199061	0.243715	300	300	
	0.212156	0.243715	300	300	
	0.218823	0.243715	300	300	
	0.223267	0.243715	300	300	
	0.226442	0.243715	300	300	
	0.226442	0.243715	300	300	
	0.231969	0.243715	300	300	
	0.234192	0.243715	300	300	
	0.235461	0.243715	300	300	
	0.237366	0.243715	300	300	
	0.239271	0.243715	300	300	
	0.239588	0.243715	300	300	

	0.459872	0.110684	300	300	
	0.309649	0.110684	300	300	
	0.233504	0.110684	300	300	
	0.190752	0.110684	300	300	
	0.147675	0.110684	300	300	
	0.122162	0.110684	300	300	
	0.0763419	0.180342	300	300	
	0.064906	0.180342	300	300	
	0.0555128	0.180342	300	300	
	0.0359743	0.180342	300	300	
	0.0072735	0.211538	300	300	
	0.00280342	0.211538	300	300	
	0.0519145	0.238034	300	300	
	0.0702821	0.238034	300	300	
	0.0772051	0.238034	300	300	
	0.0862222	0.238034	300	300	
	0.0954017	0.238034	300	300	
	0.106367	0.238034	300	300	
	0.134513	0.307692	300	300	
	0.142718	0.307692	300	300	
	0.146829	0.307692	300	300	
	0.165444	0.307692	300	300	
	0.182786	0.326923	300	300	
	0.187667	0.326923	300	300	
	0.218094	0.346154	300	300	
	0.231598	0.346154	300	300	
	0.233641	0.346154	300	300	
	0.242872	0.346154	300	300	
	0.259598	0.353419	300	300	
	0.270171	0.353419	300	300	
	0.301248	0.403846	300	300	
	0.31818	0.403846	300	300	
	0.330966	0.442308	300	300	
	0.341974	0.442308	300	300	
	0.350145	0.442308	300	300	
	0.356299	0.442308	300	300	
	0.37053	0.442308	300	300	
	0.377692	0.442308	300	300	
	0.381684	0.442308	300	300	
	0.385914	0.442308	300	300	
	0.391923	0.442308	300	300	
	0.393077	0.442308	300	300	
	0.400769	0.461538	300	300	
	0.405384	0.461538	300	300	
	0.412692	0.480769	300	300	
	0.419231	0.480769	300	300	
	0.425385	0.519231	300	300	

	0.353445	0.138889	300	300	
	0.222556	0.166667	300	300	
	0.160889	0.166667	300	300	
	0.115444	0.166667	300	300	
	0.0641111	0.166667	300	300	
	0.0168889	0.355556	300	300	
	0.0997778	0.383333	300	300	
	0.130444	0.383333	300	300	
	0.150556	0.383333	300	300	
	0.174889	0.383333	300	300	
	0.199556	0.383333	300	300	
	0.216778	0.383333	300	300	
	0.278444	0.438889	300	300	
	0.285889	0.438889	300	300	
	0.300778	0.438889	300	300	
	0.309	0.438889	300	300	
	0.322667	0.438889	300	300	
	0.329333	0.444444	300	300	
	0.358778	0.444444	300	300	
	0.362111	0.444444	300	300	
	0.371667	0.444444	300	300	
	0.385778	0.444444	300	300	
	0.399556	0.494444	300	300	
	0.411889	0.494444	300	300	
	0.444111	0.583333	300	300	
	0.457889	0.583333	300	300	
	0.469556	0.583333	300	300	
	0.481334	0.611111	300	300	
	0.491223	0.611111	300	300	
	0.500333	0.611111	300	300	
	0.513889	0.611111	300	300	
	0.525111	0.611111	300	300	
	0.536778	0.638889	300	300	
	0.557555	0.666667	300	300	
	0.575222	0.666667	300	300	
	0.596889	0.666667	300	300	
	0.611	0.694444	300	300	
	0.628555	0.694444	300	300	
	0.644667	0.694444	300	300	
	0.657778	0.722222	300	300	
	0.667778	0.722222	300	300	
	0.678333	0.722222	300	300	
	0.687222	0.722222	300	300	
	0.696667	0.722222	300	300	
	0.700556	0.722222	300	300	
	0.702778	0.722222	300	300	
	0.709444	0.75	300	300	
	0.714444	0.75	300	300	
	0.723888	0.75	300	300	
	0.724444	0.75	300	300	
	0.726111	0.75	300	300	
	0.727222	0.75	300	300	

	0.207146	0.661111	291.92	108	
	0.342819	0.661111	286.94	108	
	0.406006	0.661111	284.06	108	
	0.455187	0.661111	271.04	108	
	0.488357	0.75	263.42	108	
	0.515842	0.75	242.14	108	
	0.625977	0.822222	210.74	108	
	0.64345	0.822222	200.48	107	
	0.663275	0.822222	187.98	107	
	0.675433	0.822222	177.4	107	
	0.690632	0.822222	171.98	107	
	0.715637	0.911111	175.14	102	
	0.730134	0.911111	158.94	102	
	0.735234	0.911111	148.98	102	
	0.737503	0.911111	142.12	102	
	0.751948	1	141.54	102	
	0.754281	1	138.2	102	
	0.759111	1	132.36	102	
	0.768222	1	128.12	102	
	0.778228	1	133.72	101	
	0.775889	1	129	101	
	0.775555	1	127.7	101	
	0.773222	1	125.94	101	
	0.778111	1	125.42	101	
	0.802889	1	132.9	97	
	0.803445	1	132.7	97	
	0.817667	1	139.02	97	
	0.819778	1	138.18	97	
	0.822111	1	139.38	97	
	0.810333	1	134.66	97	
	0.837111	1	145.9	95	
	0.842111	1	146.6	95	
	0.845667	1	149.66	95	
	0.848333	1	150.76	95	
	0.851889	1	151.04	95	
	0.859889	1	159.84	95	
	0.852222	1	141.24	95	
	0.852444	1	137.18	95	
	0.848	1	136.22	95	
	0.841778	1	134.22	95	
	0.839111	1	130.48	95	
	0.830222	1	127.04	95	
	0.837334	1	132.58	95	
	0.830222	1	129.98	95	
	0.812445	1	116.5	95	
	0.8	1	113.3	95	
	0.789334	1	109.12	95	
	0.789334	1	107.8	95	
	0.802667	1	108.44	95	
	0.8	1	105.9	95	
	0.805667	1	105.98	95	
	0.802111	1	103.78	95	
	0.803334	1	103.56	95	
	0.808667	1	102.6	95	
	0.800667	1	100.68	95	
	0.8	1	100.48	91	
	0.802667	1	101.98	91	
	0.809778	1	102.5	91	
	0.835	1	106.86	91	
	0.834111	1	106.34	91	
	0.831445	1	104.98	91	
	0.848333	1	108.82	91	
	0.84	1	105.34	91	
	0.828445	1	102.3	91	
	0.828445	1	102.12	91	
	0.830222	1	100.7	91	
	0.822222	1	99.18	91	
	0.833778	1	99.92	90	
	0.830222	1	99.22	90	
	0.836778	1	99.86	89	
	0.836778	1	99.22	88	
	0.835889	1	99.2	88	
	0.825222	1	97.06	88	
	0.830556	1	97.18	88	
	0.831445	1	97.28	88	
	0.836778	1	97.74	88	
	0.844778	1	98.4	87	
	0.842111	1	97.96	87	
	0.860777	1	100.76	87	
	0.860444	1	100.24	87	
	0.861333	1	100.64	87	
	0.859555	1	100.64	87	
	0.851555	1	99.06	87	
	0.850667	1	98.74	87	
	0.842667	1	97.38	87	
	0.846222	1	98.16	87	
	0.843556	1	97.26	87	
	0.842667	1	96.84	87	
	0.84	1	96.58	87	
	0.829333	1	95.1	87	
	0.824	1	94.42	87	
	0.820445	1	93.72	87	
	0.814222	1	92.86	87	
	0.821334	1	94.1	87	
	0.818667	1	93.76	87	
	0.818667	1	93.74	87	
	0.822222	1	93.88	87	
	0.819556	1	93.06	87	
	0.822222	1	93.02	87	
	0.829334	1	93.86	86	
	0.833778	1	94.66	86	


start:
	0.57538	0.203935	300	300	
	0.425444	0.203935	300	300	
	0.357782	0.0979167	300	300	
	0.275227	0.0979167	300	300	
	0.227329	0.0979167	300	300	
	0.200824	0.0979167	300	300	
	0.164245	0.00532408	300	300	
	0.141796	0.00532408	300	300	
	0.125	0.00532408	300	300	
	0.11962	0.00532408	300	300	
	0.11662	0.00532408	300	300	
	0.113995	0.00532408	300	300	
	0.103199	0.00532408	300	300	
	0.0978009	0.00532408	300	300	
	0.0897315	0.00532408	300	300	
	0.0855	0.00532408	300	300	
	0.0752407	0.00532408	300	300	
	0.0672361	0.00949074	300	300	
	0.0480695	0.00949074	300	300	
	0.0438982	0.00949074	300	300	
	0.0343333	0.00949074	300	300	
	0.030125	0.00949074	300	300	
	0.022213	0.00949074	300	300	
	0.0158519	0.0333333	300	300	
	0.00521296	0.0333333	300	300	
	0.00332407	0.0333333	300	300	
	0.00150926	0.0333333	300	300	
	0.000157408	0.0333333	300	300	
	0.00539815	0.102083	300	300	
	0.00931944	0.102083	300	300	
	0.0188148	0.102083	300	300	
	0.0230833	0.102083	300	300	
	0.0263241	0.102083	300	300	
	0.0271991	0.102083	300	300	
	0.0316667	0.102083	300	300	

	0.662126	0.37816	300	300	
	0.518968	0.298438	300	300	
	0.461453	0.298438	300	300	
	0.406043	0.153125	300	300	
	0.335267	0.0953472	300	300	
	0.291928	0.0953472	300	300	
	0.267787	0.0953472	300	300	
	0.23972	0.0883333	300	300	
	0.207247	0.0883333	300	300	
	0.178525	0.00940973	300	300	
	0.155913	0.00940973	300	300	
	0.140184	0.00940973	300	300	
	0.12741	0.003125	300	300	
	0.110089	0.0703125	300	300	
	0.0999417	0.0703125	300	300	
	0.0923319	0.0703125	300	300	
	0.074575	0.078125	300	300	
	0.0577403	0.078125	300	300	
	0.0428188	0.078125	300	300	
	0.0352014	0.078125	300	300	
	0.0286319	0.078125	300	300	
	0.0217097	0.078125	300	300	
	0.0105208	0.078125	300	300	
	0.000222921	0.078125	300	300	
	0.0112799	0.078125	300	300	
	0.0144993	0.078125	300	300	
	0.0203764	0.078125	300	300	
	0.0283222	0.078125	300	300	
	0.0377292	0.078125	300	300	
	0.045543	0.078125	300	300	
	0.0496125	0.132014	300	300	
	0.0524264	0.132014	300	300	
	0.0550826	0.132014	300	300	
	0.0586542	0.132014	300	300	
	0.0616389	0.132014	300	300	

	0.73059	0.43458	300	300	
	0.616361	0.25552	300	300	
	0.568284	0.25552	300	300	
	0.521855	0.201419	300	300	
	0.449175	0.042151	300	300	
	0.38354	0.0497596	300	300	
	0.349622	0.0767866	300	300	
	0.306084	0.0767866	300	300	
	0.251706	0.0767866	300	300	
	0.211142	0.0767866	300	300	
	0.165625	0.0767866	300	300	
	0.130415	0.0767866	300	300	
	0.0972189	0.0767866	300	300	
	0.0812557	0.0767866	300	300	
	0.0542044	0.0767866	300	300	
	0.0255398	0.0767866	300	300	
	0.00231994	0.0767866	300	300	
	0.0104934	0.0767866	300	300	
	0.0367092	0.157868	300	300	
	0.0520646	0.157868	300	300	
	0.0604257	0.157868	300	300	
	0.0686421	0.157868	300	300	
	0.0767502	0.157868	300	300	
	0.0794529	0.157868	300	300	
	0.0924623	0.157868	300	300	
	0.0954889	0.157868	300	300	
	0.10129	0.157868	300	300	
	0.109001	0.157868	300	300	
	0.115668	0.202913	300	300	
	0.123957	0.202913	300	300	
	0.139056	0.202913	300	300	
	0.150192	0.202913	300	300	
	0.163633	0.202913	300	300	
	0.175597	0.202913	300	300	
	0.185507	0.211922	300	300	
	0.191742	0.211922	300	300	
	0.201471	0.211922	300	300	
	0.203273	0.211922	300	300	
	0.203453	0.211922	300	300	
	0.203994	0.211922	300	300	
	0.205615	0.211922	300	300	
	0.206516	0.211922	300	300	
	0.209039	0.211922	300	300	
	0.211742	0.211922	300	300	

	0.587928	0.115169	300	300	
	0.443622	0.115169	300	300	
	0.349433	0.0926966	300	300	
	0.298502	0.0926966	300	300	
	0.249036	0.0926966	300	300	
	0.212613	0.0541823	300	300	
	0.153333	0.0327091	300	300	
	0.130044	0.101124	300	300	
	0.113228	0.101124	300	300	
	0.091608	0.101124	300	300	
	0.0749026	0.101124	300	300	
	0.0406592	0.101124	300	300	
	0.000730328	0.102122	300	300	
	0.0320599	0.102122	300	300	
	0.0549163	0.102122	300	300	
	0.0690287	0.123596	300	300	
	0.0809788	0.134831	300	300	
	0.0884345	0.134831	300	300	
	0.101958	0.168539	300	300	
	0.106412	0.168539	300	300	
	0.111356	0.168539	300	300	
	0.115361	0.168539	300	300	
	0.12435	0.202247	300	300	
	0.129683	0.202247	300	300	
	0.144045	0.202247	300	300	
	0.152584	0.258427	300	300	
	0.156649	0.258427	300	300	
	0.162052	0.258427	300	300	
	0.168589	0.258427	300	300	
	0.176924	0.258427	300	300	
	0.193553	0.258427	300	300	
	0.197149	0.258427	300	300	
	0.199805	0.258427	300	300	
	0.207446	0.269663	300	300	
	0.209019	0.269663	300	300	
	0.213288	0.269663	300	300	
	0.23192	0.269663	300	300	
	0.244729	0.269663	300	300	
	0.256629	0.269663	300	300	
	0.259775	0.269663	300	300	
	0.260674	0.269663	300	300	
	0.262472	0.280899	300	300	
	0.264944	0.280899	300	300	
	0.268539	0.292135	300	300	
	0.273933	0.292135	300	300	
	0.277978	0.292135	300	300	
	0.282921	0.303371	300	300	
	0.285393	0.303371	300	300	
	0.289663	0.303371	300	300	

	0.664762	0.202381	300	300	
	0.52181	0.175397	300	300	
	0.471936	0.175397	300	300	
	0.404111	0.175397	300	300	
	0.360809	0.153175	300	300	
	0.316873	0.0531746	300	300	
	0.224016	0.05	300	300	
	0.206032	0.05	300	300	
	0.180175	0.0388889	300	300	
	0.156238	0.0388889	300	300	
	0.148048	0.0388889	300	300	
	0.131302	0.0396825	300	300	
	0.0961111	0.0396825	300	300	
	0.088254	0.047619	300	300	
	0.0814762	0.047619	300	300	
	0.0753175	0.047619	300	300	
	0.0640476	0.047619	300	300	
	0.0503016	0.047619	300	300	
	0.00971427	0.142857	300	300	
	0.00125398	0.142857	300	300	
	0.00728573	0.142857	300	300	
	0.0148095	0.142857	300	300	
	0.0206984	0.142857	300	300	
	0.0285555	0.142857	300	300	
	0.0604603	0.171429	300	300	
	0.0769842	0.171429	300	300	
	0.0892381	0.171429	300	300	
	0.107365	0.171429	300	300	
	0.132635	0.185714	300	300	
	0.138286	0.185714	300	300	
	0.159714	0.2	300	300	
	0.165429	0.2	300	300	
	0.171619	0.2	300	300	
	0.177143	0.2	300	300	
	0.182286	0.214286	300	300	
	0.188286	0.214286	300	300	
	0.190857	0.214286	300	300	
	0.192571	0.214286	300	300	
	0.194857	0.214286	300	300	
	0.197143	0.214286	300	300	
	0.200571	0.214286	300	300	

	0.54926	0.188062	300	300	
	0.410387	0.188062	300	300	
	0.33884	0.188062	300	300	
	0.297666	0.161425	300	300	
	0.275342	0.0737056	300	300	
	0.245351	0.00631151	300	300	
	0.195794	0.0238554	300	300	
	0.180856	0.0238554	300	300	
	0.158353	0.0238554	300	300	
	0.148718	0.0238554	300	300	
	0.117287	0.068036	300	300	
	0.0957402	0.068036	300	300	
	0.0108451	0.218228	300	300	
	0.0171331	0.218228	300	300	
	0.0340929	0.263158	300	300	
	0.0571352	0.298246	300	300	
	0.0890886	0.298246	300	300	
	0.121846	0.333333	300	300	
	0.17782	0.350877	300	300	
	0.208489	0.403509	300	300	
	0.225432	0.403509	300	300	
	0.254777	0.403509	300	300	
	0.265706	0.403509	300	300	
	0.274016	0.403509	300	300	
	0.297293	0.403509	300	300	
	0.302762	0.403509	300	300	
	0.305674	0.403509	300	300	
	0.310543	0.403509	300	300	
	0.318263	0.403509	300	300	
	0.325092	0.403509	300	300	
	0.348412	0.403509	300	300	
	0.353017	0.403509	300	300	
	0.359178	0.403509	300	300	
	0.365922	0.421053	300	300	
	0.368532	0.421053	300	300	
	0.371031	0.421053	300	300	
	0.382961	0.421053	300	300	
	0.384365	0.421053	300	300	
	0.390527	0.421053	300	300	
	0.398246	0.473684	300	300	
	0.405263	0.54386	300	300	
	0.413334	0.54386	300	300	
	0.423158	0.54386	300	300	
	0.43294	0.578947	300	300	
	0.43816	0.578947	300	300	
	0.443731	0.578947	300	300	
	0.454763	0.578947	300	300	
	0.463423	0.578947	300	300	
	0.472897	0.578947	300	300	
	0.478006	0.578947	300	300	
	0.486778	0.578947	300	300	
	0.492897	0.578947	300	300	
	0.499059	0.578947	300	300	
	0.514035	0.578947	300	300	
	0.515439	0.578947	300	300	
	0.524638	0.578947	300	300	
	0.537193	0.578947	300	300	
	0.549824	0.578947	300	300	
	0.558245	0.596491	300	300	
	0.566667	0.596491	300	300	
	0.566667	0.596491	300	300	
	0.57193	0.596491	300	300	
	0.579298	0.596491	300	300	
	0.582105	0.596491	300	300	
	0.583859	0.596491	300	300	
	0.586316	0.596491	300	300	
	0.586316	0.596491	300	300	
	0.588421	0.596491	300	300	

	0.359378	0.0506097	300	300	
	0.223927	0.0506097	300	300	
	0.157732	0.101219	300	300	
	0.13572	0.101219	300	300	
	0.0850854	0.101219	300	300	
	0.0367439	0.123171	300	300	
	0.0536707	0.278049	300	300	
	0.073122	0.278049	300	300	
	0.0804634	0.278049	300	300	
	0.10428	0.35	300	300	
	0.122683	0.35	300	300	
	0.128268	0.35	300	300	
	0.187902	0.375	300	300	
	0.211159	0.375	300	300	
	0.224732	0.375	300	300	
	0.242963	0.375	300	300	
	0.265085	0.375	300	300	
	0.28389	0.375	300	300	
	0.327902	0.4	300	300	
	0.343683	0.4	300	300	
	0.363829	0.402439	300	300	
	0.374866	0.45	300	300	
	0.392244	0.477439	300	300	
	0.402841	0.5	300	300	
	0.429975	0.525	300	300	
	0.442073	0.55	300	300	
	0.459573	0.55	300	300	
	0.480964	0.6	300	300	
	0.511488	0.7	300	300	
	0.528537	0.7	300	300	
	0.552915	0.7	300	300	
	0.568146	0.7	300	300	
	0.587146	0.7	300	300	
	0.599573	0.7	300	300	
	0.618647	0.7	300	300	
	0.633073	0.725	300	300	
	0.661793	0.725	300	300	
	0.678244	0.75	300	300	
	0.692622	0.75	300	300	
	0.699147	0.75	300	300	
	0.713574	0.775	300	300	
	0.719073	0.775	300	300	
	0.73	0.775	300	300	
	0.732	0.775	300	300	
	0.737	0.775	300	300	
	0.739	0.775	300	300	
	0.743	0.775	300	300	
	0.747	0.775	300	300	
	0.7525	0.775	300	300	
	0.753	0.775	300	300	
	0.754	0.775	300	300	
	0.7545	0.775	300	300	
	0.7565	0.775	300	300	

	0.0260772	0.579268	292.86	118	
	0.187297	0.579268	292.86	118	
	0.258862	0.579268	292.86	118	
	0.323232	0.579268	290.78	118	
	0.336789	0.579268	289.36	118	
	0.369655	0.579268	288.96	118	
	0.434411	0.635163	277.6	118	
	0.431463	0.635163	273.8	118	
	0.433232	0.635163	272.74	118	
	0.429675	0.635163	271.74	118	
	0.425528	0.635163	267.1	118	
	0.416179	0.635163	258.24	118	
	0.503394	0.638211	240.02	117	
	0.525183	0.676829	242.62	117	
	0.55248	0.777439	237.76	113	
	0.556728	0.777439	230.6	113	
	0.54939	0.777439	209.42	113	
	0.552622	0.777439	197.12	113	
	0.596341	0.902439	173.06	113	
	0.596057	0.902439	154.2	113	
	0.603983	0.902439	154.18	113	
	0.61063	0.902439	161.38	113	
	0.620955	0.902439	165.54	110	
	0.632662	0.902439	165.02	110	
	0.658679	0.902439	171.9	109	
	0.678435	0.902439	178.88	109	
	0.676646	0.902439	174.2	109	
	0.674634	0.902439	169.08	109	
	0.667561	0.902439	163.22	109	
	0.671097	0.902439	159.7	109	
	0.679512	0.902439	157.04	108	
	0.685366	0.902439	155.6	108	
	0.702805	0.902439	165.6	108	
	0.703313	0.902439	162.54	108	
	0.715996	0.902439	165.56	108	
	0.724268	0.902439	167.26	108	
	0.751829	0.902439	175.5	108	
	0.748293	0.902439	174.18	108	
	0.749268	0.902439	172.54	108	
	0.751463	0.902439	171.96	108	
	0.745732	0.902439	165.08	108	
	0.747683	0.902439	165.14	108	
	0.730122	0.902439	148.92	108	
	0.733049	0.902439	148.32	107	
	0.728903	0.902439	143.64	107	
	0.736097	0.902439	142.48	107	
	0.732927	0.902439	138.6	107	
	0.731951	0.902439	134.52	107	
	0.722927	0.902439	128.1	107	
	0.719756	0.902439	122.68	104	
	0.726951	0.902439	118.38	104	
	0.734756	0.902439	114.14	104	
	0.748658	0.902439	113.96	101	
	0.768049	0.902439	112.98	101	
	0.792195	0.902439	111.62	101	
	0.787927	0.902439	108.4	101	
	0.801707	0.902439	106.34	101	
	0.840976	0.951219	104.42	101	
	0.886707	0.951219	102.76	100	
	0.899878	0.951219	101.72	99	
	0.901829	1	100.96	96	
	0.905732	1	100.88	96	
	0.903781	1	100.7	96	
	0.906707	1	100.74	96	
	0.908658	1	100.64	96	
	0.918049	1	101.14	96	
	0.924878	1	101.24	95	
	0.933658	1	101.54	95	
	0.952195	1	102.62	95	
	0.946341	1	101.76	95	
	0.947317	1	101.58	95	
	0.954146	1	101.4	95	
	0.96	1	101.34	95	
	0.963902	1	101.38	95	
	0.961951	1	101.18	95	
	0.965853	1	101.14	95	
	0.973658	1	101.04	95	
	0.973658	1	100.74	95	
	0.977561	1	100.72	95	
	0.977561	1	100.68	95	
	0.967805	1	100.36	95	
	0.957073	1	100.04	95	
	0.963902	1	100.1	95	
	0.958048	1	99.9	95	
	0.950243	1	99.58	95	
	0.949268	1	99.42	95	
	0.948293	1	99.28	95	
	0.947317	1	99.16	95	
	0.947317	1	99.06	95	
	0.947317	1	98.96	95	
	0.943415	1	98.82	95	
	0.941463	1	98.7	95	
	0.936585	1	98.54	95	
	0.930732	1	98.32	95	
	0.930732	1	98.3	95	
	0.930732	1	98.28	95	
	0.931707	1	98.16	95	
	0.933658	1	98.16	95	
	0.937561	1	98.24	95	
	0.940488	1	98.26	95	
	0.942439	1	98.18	95	


start:
	0.544722	0.0979167	300	300	
	0.416819	0.0979167	300	300	
	0.339889	0.0979167	300	300	
	0.283889	0.0979167	300	300	
	0.236144	0.0979167	300	300	
	0.198949	0.0747685	300	300	
	0.16569	0.0509259	300	300	
	0.132875	0.0625	300	300	
	0.112065	0.0625	300	300	
	0.0861621	0.06875	300	300	
	0.0585602	0.06875	300	300	
	0.0261204	0.06875	300	300	
	0.0202407	0.06875	300	300	
	0.00712037	0.06875	300	300	
	0.0292222	0.06875	300	300	
	0.0440324	0.06875	300	300	
	0.04875	0.06875	300	300	
	0.05175	0.06875	300	300	
	0.05175	0.06875	300	300	
	0.05425	0.06875	300	300	
	0.057125	0.06875	300	300	
	0.059125	0.06875	300	300	
	0.061	0.06875	300	300	
	0.0625	0.06875	300	300	
	0.0625	0.06875	300	300	
	0.064125	0.075	300	300	

	0.473082	0.127706	300	300	
	0.370664	0.127706	300	300	
	0.324051	0.127706	300	300	
	0.288044	0.127706	300	300	
	0.272361	0.127706	300	300	
	0.263392	0.118374	300	300	
	0.247919	0.0765753	300	300	
	0.239619	0.0765753	300	300	
	0.227836	0.0765753	300	300	
	0.21543	0.0238095	300	300	
	0.20019	0.0238095	300	300	
	0.181104	0.0238095	300	300	
	0.143059	0.0238095	300	300	
	0.125499	0.0238095	300	300	
	0.118948	0.0238095	300	300	
	0.108824	0.0238095	300	300	
	0.104752	0.0238095	300	300	
	0.0974064	0.00432901	300	300	
	0.0897441	0.00432901	300	300	
	0.0884291	0.00432901	300	300	
	0.0841867	0.00432901	300	300	
	0.0809563	0.00432901	300	300	
	0.0770226	0.00432901	300	300	
	0.0711948	0.00432901	300	300	
	0.0625214	0.0373256	300	300	
	0.0581655	0.0503127	300	300	

	0.726067	0.465813	300	300	
	0.632994	0.0576106	300	300	
	0.567652	0.0576106	300	300	
	0.517314	0.0576106	300	300	
	0.489733	0.0576106	300	300	
	0.459102	0.0576106	300	300	
	0.411791	0.0576106	300	300	
	0.38783	0.0576106	300	300	
	0.358595	0.0576106	300	300	
	0.34359	0.0576106	300	300	
	0.315312	0.0576106	300	300	
	0.281847	0.0576106	300	300	
	0.217585	0.0576106	300	300	
	0.193072	0.0576106	300	300	
	0.157077	0.0151532	300	300	
	0.140165	0.0151532	300	300	
	0.120813	0.0151532	300	300	
	0.103964	0.0151532	300	300	
	0.0798708	0.0223475	300	300	
	0.0576559	0.0565626	300	300	
	0.0391327	0.133943	300	300	
	0.0194805	0.133943	300	300	
	0.00595026	0.133943	300	300	
	0.00781567	0.133943	300	300	
	0.0251294	0.133943	300	300	
	0.0306146	0.133943	300	300	
	0.0374746	0.133943	300	300	
	0.0439024	0.133943	300	300	
	0.0525276	0.133943	300	300	
	0.0610876	0.133943	300	300	
	0.0760449	0.133943	300	300	
	0.0808316	0.133943	300	300	
	0.0857621	0.148332	300	300	
	0.0894873	0.148332	300	300	
	0.0972253	0.148332	300	300	
	0.101616	0.148332	300	300	
	0.108922	0.191497	300	300	
	0.111982	0.191497	300	300	
	0.117095	0.191497	300	300	
	0.124421	0.191497	300	300	
	0.132034	0.191497	300	300	

	0.625532	0.150332	300	300	
	0.472734	0.150332	300	300	
	0.395801	0.150332	300	300	
	0.340167	0.150332	300	300	
	0.276791	0.0977033	300	300	
	0.232587	0.0977033	300	300	
	0.194507	0.0776836	300	300	
	0.172549	0.0776836	300	300	
	0.160011	0.0776836	300	300	
	0.145544	0.00687791	300	300	
	0.138068	0.00687791	300	300	
	0.130947	0.00687791	300	300	
	0.116382	0.00687791	300	300	
	0.109835	0.00687791	300	300	
	0.102082	0.00687791	300	300	
	0.0892275	0.00687791	300	300	
	0.0807345	0.00399165	300	300	
	0.073337	0.00399165	300	300	
	0.0555748	0.00399165	300	300	
	0.0501707	0.0183002	300	300	
	0.0386195	0.0569885	300	300	
	0.0308929	0.0569885	300	300	
	0.024015	0.0569885	300	300	
	0.0149754	0.0787276	300	300	
	0.00385777	0.0787276	300	300	
	0.0106878	0.0787276	300	300	
	0.0157725	0.0800786	300	300	
	0.02521	0.0895972	300	300	
	0.0364554	0.141304	300	300	
	0.0484389	0.173913	300	300	
	0.0715365	0.173913	300	300	
	0.0800393	0.213952	300	300	
	0.0844792	0.213952	300	300	
	0.0876001	0.213952	300	300	
	0.0940322	0.213952	300	300	
	0.0987976	0.213952	300	300	
	0.115419	0.213952	300	300	
	0.124268	0.213952	300	300	
	0.12858	0.213952	300	300	
	0.137326	0.213952	300	300	
	0.142022	0.213952	300	300	
	0.154153	0.213952	300	300	
	0.181503	0.26087	300	300	
	0.191724	0.26087	300	300	
	0.200556	0.26087	300	300	
	0.211115	0.26087	300	300	
	0.215612	0.26087	300	300	
	0.217488	0.26087	300	300	
	0.221024	0.271739	300	300	
	0.226941	0.271739	300	300	
	0.235889	0.271739	300	300	
	0.252917	0.271739	300	300	
	0.261522	0.282609	300	300	
	0.264783	0.282609	300	300	
	0.266739	0.282609	300	300	
	0.271522	0.282609	300	300	
	0.273478	0.293478	300	300	
	0.274348	0.293478	300	300	
	0.275435	0.293478	300	300	
	0.276956	0.293478	300	300	
	0.278261	0.293478	300	300	
	0.281087	0.293478	300	300	

	0.639275	0.257759	300	300	
	0.499175	0.257759	300	300	
	0.421987	0.236261	300	300	
	0.366175	0.177563	300	300	
	0.32813	0.0154817	300	300	
	0.296327	0.0154817	300	300	
	0.246621	0.0154817	300	300	
	0.215016	0.0154817	300	300	
	0.19018	0.0154817	300	300	
	0.175932	0.0154817	300	300	
	0.161475	0.0154817	300	300	
	0.141355	0.0154817	300	300	
	0.109581	0.00748405	300	300	
	0.10064	0.00748405	300	300	
	0.0910338	0.00748405	300	300	
	0.077363	0.031477	300	300	
	0.0648206	0.031477	300	300	
	0.0526877	0.031477	300	300	
	0.0362506	0.044464	300	300	
	0.0320478	0.044464	300	300	
	0.022009	0.121872	300	300	
	0.00182847	0.134859	300	300	
	0.00495412	0.134859	300	300	
	0.0146643	0.134859	300	300	
	0.042031	0.160834	300	300	
	0.050281	0.160834	300	300	
	0.0543605	0.160834	300	300	
	0.0632064	0.160834	300	300	
	0.0733054	0.160834	300	300	
	0.0852535	0.173821	300	300	
	0.118578	0.199795	300	300	
	0.134011	0.199795	300	300	
	0.153669	0.251743	300	300	
	0.164128	0.251743	300	300	
	0.173769	0.251743	300	300	
	0.184159	0.251743	300	300	
	0.195816	0.251743	300	300	
	0.204408	0.251743	300	300	
	0.209104	0.251743	300	300	
	0.220024	0.251743	300	300	
	0.227047	0.251743	300	300	
	0.237457	0.251743	300	300	
	0.243171	0.26473	300	300	
	0.248366	0.26473	300	300	
	0.254859	0.277717	300	300	
	0.259275	0.277717	300	300	
	0.26447	0.290704	300	300	
	0.268106	0.290704	300	300	
	0.270184	0.290704	300	300	
	0.2746	0.290704	300	300	
	0.278756	0.290704	300	300	
	0.282652	0.290704	300	300	

	0.791331	0.330964	300	300	
	0.705437	0.330964	300	300	
	0.613755	0.283287	300	300	
	0.501463	0.258322	300	300	
	0.437053	0.114251	300	300	
	0.408346	0.114251	300	300	
	0.381872	0.114251	300	300	
	0.361169	0.114251	300	300	
	0.331581	0.114251	300	300	
	0.300624	0.114251	300	300	
	0.273134	0.102982	300	300	
	0.233648	0.0124827	300	300	
	0.180898	0.076803	300	300	
	0.129709	0.076803	300	300	
	0.0959431	0.076803	300	300	
	0.057441	0.0946602	300	300	
	0.0352011	0.0946602	300	300	
	0.0126179	0.0946602	300	300	
	0.0233114	0.112517	300	300	
	0.0273474	0.112517	300	300	
	0.0358669	0.112517	300	300	
	0.0416539	0.112517	300	300	
	0.0496602	0.112517	300	300	
	0.0568031	0.112517	300	300	
	0.0707316	0.112517	300	300	
	0.074785	0.17233	300	300	
	0.0762136	0.17233	300	300	
	0.0831241	0.17233	300	300	
	0.0970874	0.232143	300	300	
	0.103409	0.232143	300	300	
	0.123925	0.232143	300	300	
	0.130496	0.232143	300	300	
	0.141959	0.267857	300	300	
	0.152493	0.267857	300	300	
	0.178703	0.267857	300	300	
	0.192236	0.267857	300	300	
	0.20922	0.267857	300	300	
	0.222965	0.267857	300	300	
	0.231179	0.267857	300	300	
	0.239393	0.267857	300	300	
	0.246179	0.303571	300	300	
	0.253679	0.303571	300	300	
	0.262143	0.321429	300	300	
	0.268929	0.321429	300	300	
	0.2775	0.321429	300	300	
	0.281786	0.339286	300	300	
	0.287857	0.339286	300	300	
	0.297857	0.339286	300	300	

	0.783456	0.595901	300	300	
	0.734922	0.318662	300	300	
	0.666568	0.207551	300	300	
	0.588013	0.148004	300	300	
	0.502537	0.0371089	300	300	
	0.411374	0.0371089	300	300	
	0.311991	0.0295577	300	300	
	0.259098	0.0295577	300	300	
	0.226149	0.0295577	300	300	
	0.188673	0.0295577	300	300	
	0.166705	0.0295577	300	300	
	0.137407	0.0295577	300	300	
	0.0826408	0.0295577	300	300	
	0.0397281	0.0962244	300	300	
	0.00938941	0.0962244	300	300	
	0.00974758	0.0962244	300	300	
	0.0305933	0.200216	300	300	
	0.0481036	0.24466	300	300	
	0.0712751	0.24466	300	300	
	0.0910032	0.377778	300	300	
	0.113532	0.377778	300	300	
	0.132841	0.377778	300	300	
	0.152919	0.377778	300	300	
	0.173825	0.377778	300	300	
	0.229096	0.377778	300	300	
	0.247965	0.444444	300	300	
	0.263473	0.444444	300	300	
	0.288552	0.444444	300	300	
	0.313182	0.444444	300	300	
	0.336919	0.444444	300	300	
	0.364893	0.444444	300	300	
	0.375556	0.444444	300	300	
	0.383556	0.444444	300	300	
	0.391111	0.444444	300	300	
	0.394222	0.444444	300	300	
	0.401113	0.466667	300	300	
	0.414222	0.466667	300	300	
	0.420889	0.466667	300	300	
	0.427556	0.466667	300	300	
	0.436444	0.466667	300	300	
	0.448445	0.466667	300	300	
	0.451111	0.466667	300	300	
	0.458222	0.466667	300	300	
	0.465333	0.466667	300	300	
	0.466667	0.466667	300	300	
	0.466667	0.466667	300	300	
	0.466667	0.466667	300	300	
	0.466667	0.466667	300	300	
	0.466667	0.466667	300	300	
	0.466667	0.466667	300	300	
	0.466667	0.466667	300	300	

	0.714463	0.175589	300	300	
	0.6557	0.175589	300	300	
	0.619639	0.175589	300	300	
	0.586674	0.175589	300	300	
	0.540211	0.175589	300	300	
	0.461553	0.00776702	300	300	
	0.352599	0.00776702	300	300	
	0.337348	0.00776702	300	300	
	0.308111	0.00776702	300	300	
	0.286924	0.00776702	300	300	
	0.251717	0.00776702	300	300	
	0.21129	0.0649099	300	300	
	0.162974	0.0649099	300	300	
	0.150114	0.0649099	300	300	
	0.121248	0.232178	300	300	
	0.0937586	0.232178	300	300	
	0.072638	0.232178	300	300	
	0.0434563	0.260749	300	300	
	0.0137587	0.260749	300	300	
	0.024294	0.260749	300	300	
	0.0378918	0.260749	300	300	
	0.0679445	0.358946	300	300	
	0.102874	0.358946	300	300	
	0.131961	0.358946	300	300	
	0.186746	0.358946	300	300	
	0.199284	0.358946	300	300	
	0.208644	0.358946	300	300	
	0.229087	0.358946	300	300	
	0.253731	0.387517	300	300	
	0.270247	0.387517	300	300	
	0.314913	0.387517	300	300	
	0.33266	0.387517	300	300	
	0.339517	0.387517	300	300	
	0.349393	0.387517	300	300	
	0.355678	0.387517	300	300	
	0.363517	0.387517	300	300	
	0.36866	0.387517	300	300	
	0.371356	0.465187	300	300	
	0.379196	0.465187	300	300	
	0.383767	0.465187	300	300	
	0.391606	0.465187	300	300	
	0.39757	0.493759	300	300	

	0.503204	0.0517799	300	300	
	0.366319	0.14644	300	300	
	0.297095	0.200647	300	300	
	0.229668	0.200647	300	300	
	0.174126	0.229773	300	300	
	0.101303	0.229773	300	300	
	0.0333657	0.27144	300	300	
	0.0672411	0.43932	300	300	
	0.0996117	0.43932	300	300	
	0.125558	0.43932	300	300	
	0.166982	0.43932	300	300	
	0.201294	0.43932	300	300	
	0.26949	0.43932	299.86	293	
	0.297411	0.43932	299.48	281	
	0.328511	0.522654	298.98	279	
	0.34343	0.522654	298.8	279	
	0.371262	0.666667	298.4	279	
	0.392225	0.666667	297.92	276	
	0.436885	0.666667	296.38	275	
	0.462346	0.677994	294.44	265	
	0.47322	0.708333	292.48	265	
	0.486294	0.708333	289.58	239	
	0.499968	0.708333	287	239	
	0.522897	0.708333	282.84	209	
	0.565348	0.76699	275.62	209	
	0.564361	0.76699	273.46	209	
	0.587419	0.76699	272.4	209	
	0.614506	0.76699	269.14	209	
	0.627306	0.76699	271.68	209	
	0.654595	0.76699	274.14	209	
	0.636149	0.76699	253.88	208	
	0.655348	0.76699	257.72	208	
	0.665429	0.76699	258.24	208	
	0.677266	0.84466	259.48	208	
	0.670736	0.84466	248.06	207	
	0.66051	0.84466	237.9	207	
	0.66835	0.84466	231.04	207	
	0.669709	0.84466	225.86	204	
	0.684272	0.84466	226.14	204	
	0.690485	0.84466	228.28	204	
	0.697864	0.84466	228.84	202	
	0.696893	0.84466	228.06	200	
	0.687573	0.84466	217.38	198	
	0.697281	0.84466	216.8	198	
	0.695145	0.84466	214.2	198	
	0.689515	0.84466	211.64	198	
	0.694563	0.84466	209.8	198	
	0.682718	0.84466	207.06	191	
	0.69301	0.84466	203.54	191	
	0.691456	0.84466	202.16	191	
	0.700194	0.84466	201.54	190	
	0.731262	0.84466	202.16	189	
	0.745243	0.84466	200.82	189	
	0.749903	0.84466	200.04	189	
	0.751456	0.84466	197.44	188	
	0.737476	0.84466	194.96	187	
	0.742136	0.84466	194.82	187	
	0.739029	0.84466	194.16	187	
	0.732815	0.84466	193.18	187	
	0.731262	0.84466	191.16	187	
	0.731262	0.84466	189.64	187	
	0.723495	0.84466	188.78	187	
	0.729709	0.84466	188.5	187	
	0.75301	0.92233	188.32	187	
	0.748349	0.92233	187.92	187	
	0.788738	0.92233	187.94	187	
	0.808932	0.92233	187.68	187	
	0.819806	0.92233	187.7	186	
	0.827573	0.92233	187.66	186	
	0.832233	0.92233	187.44	186	
	0.827573	0.92233	187.36	186	
	0.822913	0.92233	187.22	186	
	0.829126	0.92233	187.04	186	
	0.841553	0.92233	187.08	186	
	0.85864	0.92233	187.12	186	
	0.866408	0.92233	186.96	186	
	0.872621	0.92233	187	186	
	0.878835	0.92233	187.04	186	
	0.878835	0.92233	186.92	186	
	0.874175	0.92233	186.82	186	
	0.878835	0.92233	186.82	186	
	0.880389	0.92233	186.82	186	
	0.885049	0.92233	186.78	186	
	0.899029	0.92233	186.8	186	
	0.908349	0.92233	186.74	186	
	0.906796	0.92233	186.72	186	
	0.903689	0.92233	186.68	186	
	0.903689	0.92233	186.64	186	
	0.897475	0.92233	186.54	186	
	0.895922	0.92233	186.52	186	
	0.886602	0.92233	186.4	186	
	0.880388	0.92233	186.32	186	
	0.883495	0.92233	186.36	186	
	0.880388	0.92233	186.3	186	
	0.883495	0.92233	186.32	186	
	0.883495	0.92233	186.28	186	
	0.883495	0.92233	186.26	186	
	0.885048	0.92233	186.24	186	
	0.891262	0.92233	186.26	186	
	0.889709	0.92233	186.18	186	
	0.883495	0.92233	186.06	185	


start:
	0.556014	0.110185	300	300	
	0.457889	0.110185	300	300	
	0.394741	0.110185	300	300	
	0.349944	0.110185	300	300	
	0.310157	0.110185	300	300	
	0.274468	0.110185	300	300	
	0.258856	0.0791667	300	300	
	0.24	0.0791667	300	300	
	0.220569	0.0372685	300	300	
	0.193662	0.0372685	300	300	
	0.178894	0.0372685	300	300	
	0.150741	0.0231481	300	300	
	0.130352	0.0231481	300	300	
	0.120213	0.0231481	300	300	
	0.109431	0.0231481	300	300	
	0.106718	0.0231481	300	300	
	0.102639	0.0231481	300	300	
	0.0945741	0.0231481	300	300	
	0.0858334	0.0231481	300	300	
	0.0808056	0.0168982	300	300	
	0.0754583	0.0168982	300	300	
	0.0710972	0.0168982	300	300	
	0.0640278	0.0594907	300	300	
	0.0492361	0.0594907	300	300	
	0.0411204	0.0594907	300	300	
	0.0315602	0.0594907	300	300	
	0.0180509	0.0594907	300	300	
	0.00977778	0.0594907	300	300	
	0.000527776	0.0594907	300	300	
	0.0131435	0.0594907	300	300	
	0.0149259	0.0594907	300	300	
	0.0337685	0.0594907	300	300	
	0.0407546	0.0594907	300	300	
	0.0422593	0.0594907	300	300	
	0.0445093	0.0594907	300	300	
	0.0473241	0.0594907	300	300	
	0.0484861	0.0766204	300	300	
	0.0489861	0.0766204	300	300	
	0.0501111	0.0766204	300	300	
	0.0523611	0.0766204	300	300	
	0.0534861	0.0766204	300	300	
	0.0547361	0.0766204	300	300	

	0.614038	0.223771	300	300	
	0.475097	0.203501	300	300	
	0.391624	0.189987	300	300	
	0.321946	0.189987	300	300	
	0.283791	0.189987	300	300	
	0.242172	0.0960843	300	300	
	0.216409	0.0960843	300	300	
	0.202375	0.0690572	300	300	
	0.192454	0.0690572	300	300	
	0.18474	0.0690572	300	300	
	0.173763	0.018089	300	300	
	0.165103	0.018089	300	300	
	0.154754	0.018089	300	300	
	0.143113	0.0248457	300	300	
	0.137043	0.0248457	300	300	
	0.125464	0.0248457	300	300	
	0.113465	0.0316025	300	300	
	0.105214	0.0316025	300	300	
	0.0867397	0.0316025	300	300	
	0.0739658	0.0316025	300	300	
	0.0583656	0.101351	300	300	
	0.0482081	0.101351	300	300	
	0.0354086	0.101351	300	300	
	0.027873	0.101351	300	300	
	0.0127921	0.101351	300	300	
	0.00764524	0.101351	300	300	
	0.00679719	0.101351	300	300	
	0.0121505	0.101351	300	300	
	0.0185508	0.101351	300	300	
	0.029767	0.101351	300	300	
	0.0375452	0.101351	300	300	
	0.0423005	0.101351	300	300	
	0.0472047	0.101351	300	300	
	0.0517472	0.101351	300	300	
	0.0562481	0.101351	300	300	
	0.0591253	0.101351	300	300	
	0.0669589	0.114865	300	300	
	0.0677697	0.114865	300	300	
	0.0702479	0.114865	300	300	
	0.0720462	0.114865	300	300	

	0.715088	0.348022	300	300	
	0.614802	0.348022	300	300	
	0.530482	0.130826	300	300	
	0.461861	0.130826	300	300	
	0.41197	0.130826	300	300	
	0.383466	0.130826	300	300	
	0.329005	0.0873482	300	300	
	0.31481	0.0873482	300	300	
	0.304822	0.0873482	300	300	
	0.290525	0.0873482	300	300	
	0.281825	0.0873482	300	300	
	0.274125	0.0873482	300	300	
	0.239091	0.0801018	300	300	
	0.22926	0.0801018	300	300	
	0.213353	0.0801018	300	300	
	0.207705	0.0801018	300	300	
	0.185746	0.0791226	300	300	
	0.172111	0.0428907	300	300	
	0.142926	0.0428907	300	300	
	0.139448	0.0428907	300	300	
	0.133529	0.0428907	300	300	
	0.130768	0.0428907	300	300	
	0.118504	0.0428907	300	300	
	0.115574	0.0428907	300	300	
	0.0888367	0.0428907	300	300	
	0.0853349	0.0428907	300	300	
	0.078441	0.0428907	300	300	
	0.0700901	0.0428907	300	300	
	0.059812	0.0428907	300	300	
	0.0535997	0.0428907	300	300	
	0.0367724	0.0446533	300	300	
	0.0287936	0.0446533	300	300	
	0.0176302	0.0804935	300	300	
	0.00728554	0.0804935	300	300	
	0.0100353	0.152566	300	300	
	0.0269643	0.152566	300	300	
	0.0506345	0.16745	300	300	
	0.064622	0.16745	300	300	
	0.0824011	0.174305	300	300	
	0.0948531	0.20329	300	300	
	0.108151	0.20329	300	300	
	0.120023	0.20329	300	300	
	0.133486	0.225421	300	300	
	0.145484	0.246769	300	300	
	0.154736	0.246769	300	300	
	0.171645	0.290247	300	300	
	0.185499	0.290247	300	300	
	0.198809	0.290247	300	300	
	0.216322	0.290247	300	300	
	0.231465	0.290247	300	300	
	0.244489	0.318841	300	300	
	0.259652	0.318841	300	300	
	0.271939	0.326087	300	300	
	0.276702	0.347826	300	300	
	0.286377	0.347826	300	300	
	0.292147	0.347826	300	300	
	0.295734	0.347826	300	300	
	0.301778	0.347826	300	300	
	0.308829	0.347826	300	300	
	0.318179	0.347826	300	300	
	0.325241	0.347826	300	300	
	0.331312	0.376812	300	300	
	0.335072	0.376812	300	300	

	0.595809	0.283303	300	300	
	0.461691	0.0182367	300	300	
	0.373741	0.0182367	300	300	
	0.31871	0.0182367	300	300	
	0.257585	0.0500306	300	300	
	0.215084	0.0500306	300	300	
	0.130596	0.122103	300	300	
	0.0978291	0.122103	300	300	
	0.0563439	0.122103	300	300	
	0.0293947	0.122103	300	300	
	0.0121272	0.122103	300	300	
	0.000559785	0.122103	300	300	
	0.028032	0.167847	300	300	
	0.0369649	0.167847	300	300	
	0.0469308	0.167847	300	300	
	0.0662704	0.167847	300	300	
	0.0783828	0.194175	300	300	
	0.082519	0.194175	300	300	
	0.122446	0.223301	300	300	
	0.131393	0.223301	300	300	
	0.136744	0.223301	300	300	
	0.140296	0.223301	300	300	
	0.148336	0.223301	300	300	
	0.153104	0.223301	300	300	
	0.178968	0.223301	300	300	
	0.184069	0.223301	300	300	
	0.188225	0.223301	300	300	
	0.191302	0.223301	300	300	
	0.193715	0.223301	300	300	
	0.197568	0.223301	300	300	
	0.211512	0.242718	300	300	
	0.21351	0.242718	300	300	
	0.216617	0.242718	300	300	
	0.219473	0.242718	300	300	
	0.222192	0.242718	300	300	
	0.224272	0.242718	300	300	
	0.226602	0.242718	300	300	
	0.229709	0.252427	300	300	
	0.232621	0.252427	300	300	
	0.234563	0.252427	300	300	
	0.236893	0.252427	300	300	

	0.44274	0.00963753	300	300	
	0.28119	0.00963753	300	300	
	0.203381	0.0391787	300	300	
	0.164947	0.0651582	300	300	
	0.118137	0.0651582	300	300	
	0.0996271	0.0651582	300	300	
	0.0640205	0.0651582	300	300	
	0.0521747	0.0651582	300	300	
	0.0393107	0.0674628	300	300	
	0.0273476	0.0930233	300	300	
	0.00534883	0.0930233	300	300	
	0.0220155	0.183742	300	300	
	0.0459103	0.22753	300	300	
	0.0554641	0.22753	300	300	
	0.0696334	0.22753	300	300	
	0.0879824	0.22753	300	300	
	0.105973	0.346533	300	300	
	0.11506	0.346533	300	300	
	0.152076	0.346533	300	300	
	0.161666	0.346533	300	300	
	0.175542	0.346533	300	300	
	0.186202	0.346533	300	300	
	0.204844	0.372093	300	300	
	0.220909	0.44186	300	300	
	0.254815	0.44186	300	300	
	0.261907	0.44186	300	300	
	0.266937	0.44186	300	300	
	0.274008	0.44186	300	300	
	0.282087	0.44186	300	300	
	0.291374	0.44186	300	300	
	0.325596	0.44186	300	300	
	0.335403	0.44186	300	300	
	0.34586	0.44186	300	300	
	0.353346	0.44186	300	300	
	0.363415	0.44186	300	300	
	0.373972	0.44186	300	300	
	0.386855	0.462812	300	300	
	0.39304	0.462812	300	300	
	0.403968	0.462812	300	300	
	0.418617	0.47444	300	300	
	0.426338	0.47444	300	300	
	0.43378	0.488372	300	300	
	0.444848	0.497695	300	300	
	0.449082	0.497695	300	300	
	0.452805	0.497695	300	300	
	0.457595	0.509323	300	300	
	0.463178	0.509323	300	300	
	0.468016	0.509323	300	300	
	0.476388	0.509323	300	300	
	0.480247	0.523256	300	300	
	0.482619	0.523256	300	300	
	0.484993	0.523256	300	300	
	0.485736	0.523256	300	300	

