	90.3	165	179.36	45	300	300	
	95	165	149.44	45	300	300	
	97.9	165	143.64	45	300	300	
	100.4	165	138.02	45	300	300	
	95.7	165	125.68	45	300	300	
	97.3	175	119.72	16	300	300	
	98.5	175	115.86	16	300	300	
	93.2	175	103.58	16	300	300	
	93.8	175	99.56	16	300	300	
	87.1	175	88.62	16	300	300	
	79.8	175	75.28	16	300	300	
	84	175	76.98	0	300	300	
	89.7	195	81.8	0	300	300	
	86	195	73.52	0	300	300	
	89.9	195	75.74	0	300	300	
	92.8	195	74.12	0	300	300	
	100.1	195	79.16	0	300	300	
	100.3	195	78.2	0	300	300	
	106.5	195	81.88	0	300	300	
	108.7	195	85.1	0	300	300	
	113.3	195	87.76	0	300	300	
	110.9	195	83.52	0	300	300	
	114.2	215	85	0	300	300	
	112.3	215	80.34	0	300	300	
	103.2	215	68.98	0	300	300	
	111.2	215	75.58	0	300	300	
	116.4	215	77.86	0	300	300	
	116.6	215	77.54	0	300	300	
	125.2	215	85.76	0	300	300	
	122.8	215	81.1	0	300	300	
	122.5	215	78.4	0	300	300	
	120.5	215	74.78	0	300	300	
	124.8	215	79.44	0	300	300	
	124.3	215	77.54	0	300	300	
	128.3	215	79.3	0	300	300	
	133.4	215	82.66	0	300	300	
	131.3	215	80.06	0	300	300	
	133.1	215	82.4	0	300	300	
	135.8	215	84.84	0	300	300	
	133.1	215	81.7	0	300	300	
	129.2	215	77.56	0	300	300	
	134	215	81.22	0	300	300	
	142.2	215	87.5	0	300	300	
	144.6	215	90.36	0	300	300	
	142.9	215	86.44	0	300	300	
	142.5	215	86.02	0	300	300	
	145.9	215	89.9	0	300	300	
	143.5	215	87.4	0	300	300	
	143.2	215	86.44	0	300	300	
	146.3	220	90.16	0	300	300	
	148.9	220	93.3	0	300	300	
	151.9	220	96.68	0	300	300	
	148.5	220	91.38	0	300	300	
	147.7	220	88.84	0	300	300	
	150.7	220	89.76	0	300	300	
	149.8	220	88.64	0	300	300	
	152	220	90.5	0	300	300	
	149.9	220	86.94	0	300	300	
	151.7	220	90.02	0	300	300	
	154.7	220	92.4	0	300	300	
	154.6	220	92.34	0	300	300	
	155.8	220	92.98	0	300	300	
	154.8	220	90.16	0	300	300	
	156.8	220	92.44	0	300	300	
	154.3	220	89.04	0	300	300	
	151.5	220	84.68	0	300	300	
	154.7	220	89.24	0	300	300	
	153.4	220	87.8	0	300	300	
	153.5	220	87.22	0	300	300	
	153.2	220	86.44	0	300	300	
	153.5	220	86.02	0	300	300	
	153.5	220	85.58	0	300	300	
	146.3	220	74.62	0	300	300	
	146.4	220	74.62	0	300	300	
	142.2	220	69.28	0	300	300	
	142.2	220	69.28	0	300	300	
	139.7	220	66.4	0	300	300	
	140.5	220	66.7	0	300	300	
	137.8	220	62.5	0	300	300	
	137.8	220	62.5	0	300	300	
	139.9	220	65.1	0	300	300	
	136.2	220	58.98	0	300	300	
	134.7	220	57.28	0	300	300	
	132.3	220	55.26	0	300	300	
	132.6	220	55.58	0	300	300	
	128	220	51.02	0	300	300	
	128.6	220	52.02	0	300	300	
	124.8	220	48.46	0	300	300	
	124.9	220	48.3	0	300	300	
	122.5	220	45.38	0	300	300	
	119.5	220	39.86	0	300	300	
	114.7	220	34.86	0	300	300	
	113.5	220	34.22	0	300	300	
	113.6	220	34.22	0	300	300	
	126.2	220	45.42	0	300	300	
	133.6	220	53.82	0	300	300	
	135.3	220	54.3	0	300	300	
	138	220	54.94	0	300	300	
	143	220	58.34	0	300	300	
	149.6	220	65.14	0	300	300	
	150	220	66.2	0	300	300	

	85.9	145	180.3	45	300	300	
	86.9	150	142.8	45	300	300	
	89.6	150	137.7	45	300	300	
	91.6	150	136.4	32	300	300	
	87.1	150	115.64	32	300	300	
	81.8	150	104.2	32	300	300	
	81.5	150	101.08	32	300	300	
	78.7	150	94.92	16	300	300	
	72.6	150	81	0	300	300	
	79.3	150	84.88	0	300	300	
	73	150	71.46	0	300	300	
	78.7	150	75.96	0	300	300	
	79.4	150	71.98	0	300	300	
	86.3	155	75.24	0	300	300	
	87.9	155	72.16	0	300	300	
	87.5	155	68.5	0	300	300	
	84.4	155	59.3	0	300	300	
	92.8	155	66.22	0	300	300	
	91	155	63.84	0	300	300	
	87.7	155	59.58	0	300	300	
	86.2	155	56.66	0	300	300	
	84.5	155	53.58	0	300	300	
	83.3	155	50.34	0	300	300	
	83.3	155	50.34	0	300	300	
	84.9	155	51.12	0	300	300	
	92.7	155	62	0	300	300	
	94.7	155	63.44	0	300	300	
	99.5	155	70.04	0	300	300	
	97.4	155	65.96	0	300	300	
	99.2	155	68.28	0	300	300	
	96.3	155	61.76	0	300	300	
	96.4	155	61.76	0	300	300	
	96.4	165	59.7	0	300	300	
	102.2	165	66.72	0	300	300	
	105.6	165	69.96	0	300	300	
	108.1	165	70.22	0	300	300	
	113.2	165	75.8	0	300	300	
	113.5	165	73.54	0	300	300	
	115.9	165	78.16	0	300	300	
	115.5	165	71.94	0	300	300	
	114.8	165	70.88	0	300	300	
	115.1	165	72.3	0	300	300	
	113	165	67.46	0	300	300	
	112.2	165	64.96	0	300	300	
	110.8	165	61.12	0	300	300	
	112	165	62.76	0	300	300	
	121	165	76.16	0	300	300	
	123.4	165	74.26	0	300	300	
	122.2	165	69.32	0	300	300	
	115.3	165	57.3	0	300	300	
	119.7	165	60.54	0	300	300	
	121	165	59.44	0	300	300	
	121	165	56.48	0	300	300	
	123.7	165	57.4	0	300	300	
	125.2	165	57.54	0	300	300	
	124.2	165	54.74	0	300	300	
	118.6	165	48.1	0	300	300	
	120.3	170	48.74	0	300	300	
	121.7	170	48.4	0	300	300	
	122	170	48.62	0	300	300	
	123	175	48.56	0	300	300	
	126.5	175	49.84	0	300	300	
	128.8	175	51.22	0	300	300	
	133.8	185	52.66	0	300	300	
	132.6	185	51	0	300	300	
	130.9	185	48.34	0	300	300	
	130.9	185	46.32	0	300	300	
	129.3	185	44.7	0	300	300	
	127.4	185	43.42	0	300	300	
	124.3	185	39.84	0	300	300	
	132.9	185	49.78	0	300	300	
	138.2	185	52.9	0	300	300	
	138.4	185	51.2	0	300	300	
	139.6	185	51.26	0	300	300	
	135.7	185	45.98	0	300	300	
	134.2	185	43.92	0	300	300	
	135.3	185	44.56	0	300	300	
	137.2	185	46.42	0	300	300	
	139.1	185	48.28	0	300	300	
	139.7	185	48.6	0	300	300	
	139.5	185	48.86	0	300	300	
	139.3	185	47.58	0	300	300	
	140.3	185	48.38	0	300	300	
	142.4	185	48.54	0	300	300	
	144.5	185	49.56	0	300	300	
	144.4	185	49.2	0	300	300	
	149.6	185	52.02	0	300	300	
	152.8	185	55.26	0	300	300	
	153	185	56.46	0	300	300	
	154.5	185	58.26	0	300	300	
	166.5	185	70.32	0	300	300	
	169.8	185	73.96	0	300	300	
	165.4	185	68.28	0	300	300	
	168.5	185	71.32	0	300	300	
	165.7	185	66.76	0	300	300	
	165.2	185	67.18	0	300	300	
	157.6	185	57.32	0	300	300	
	155.6	185	54.66	0	300	300	
	152.9	185	52.58	0	300	300	
	149.5	185	50.12	0	300	300	
	144.3	185	43.54	0	300	300	

	99.6	175	174.78	90	300	300	
	104.1	175	155.68	64	300	300	
	106.5	175	150.84	61	300	300	
	111	175	148.92	61	300	300	
	108.5	180	139.64	61	300	300	
	110.8	180	141.28	61	300	300	
	112.5	180	139.22	53	300	300	
	109.6	180	131.8	53	300	300	
	107.3	180	121.64	53	300	300	
	102.9	180	112.42	40	300	300	
	104.9	180	113.12	40	300	300	
	106.2	180	113.22	40	300	300	
	102.1	180	107.14	40	300	300	
	100.1	180	103.54	40	300	300	
	103.3	180	106.1	40	300	300	
	104.6	180	105.04	40	300	300	
	109.8	180	107.48	40	300	300	
	109.3	180	106.68	32	300	300	
	106.3	180	101.58	32	300	300	
	108.8	180	100.02	16	300	300	
	110	180	100.7	16	300	300	
	114.4	180	100.12	16	300	300	
	114.6	180	100.18	16	300	300	
	111.6	180	96.14	16	300	300	
	110.6	180	95.6	16	300	300	
	105.6	195	89.32	16	300	300	
	101.6	195	85.28	16	300	300	
	100.5	195	81.9	16	300	300	
	100.8	195	79.3	16	300	300	
	101.5	195	79.62	16	300	300	
	91.1	195	70.08	16	300	300	
	89.6	195	67.32	16	300	300	
	84.9	195	63.34	16	300	300	
	81.4	195	59.78	16	300	300	
	81.5	195	59.78	16	300	300	
	87.1	195	63.24	16	300	300	
	88.6	195	65.16	16	300	300	
	87.9	195	62.94	16	300	300	
	88.1	195	63	16	300	300	
	89.9	195	63.64	16	300	300	
	97.2	195	73.62	16	300	300	
	101.1	205	74.36	16	300	300	
	103.2	205	74.8	16	300	300	
	103.5	205	73.64	16	300	300	
	100.3	205	67.86	16	300	300	
	100.3	205	67.86	16	300	300	
	97.2	205	63.98	0	300	300	
	94.2	205	61.32	0	300	300	
	91.6	205	58.72	0	300	300	
	88.6	205	54.9	0	300	300	
	86.9	205	53.3	0	300	300	
	90.8	205	57.28	0	300	300	
	94.4	205	57.98	0	300	300	
	98.9	205	62.7	0	300	300	
	101.8	205	65.08	0	300	300	
	105.4	205	68.8	0	300	300	
	110.5	205	73.14	0	300	300	
	109.4	205	71.6	0	300	300	
	107	205	66.82	0	300	300	
	105.6	205	65.14	0	300	300	
	100.9	205	58.68	0	300	300	
	109.2	210	66.18	0	300	300	
	109.7	210	66.18	0	300	300	
	107.6	210	64.54	0	300	300	
	116.2	210	72.04	0	300	300	
	112.3	210	68.2	0	300	300	
	121	210	73.94	0	300	300	
	121.5	210	74.88	0	300	300	
	122.4	210	74.62	0	300	300	
	124.1	210	73.98	0	300	300	
	124	210	74.04	0	300	300	
	129.4	210	78.88	0	300	300	
	125.5	210	74.38	0	300	300	
	124.9	210	73.64	0	300	300	
	120	210	68.9	0	300	300	
	120	210	67.72	0	300	300	
	118.2	210	65.98	0	300	300	
	116.7	210	63.8	0	300	300	
	105.6	210	54.84	0	300	300	
	105.5	210	54.26	0	300	300	
	119.8	210	76.68	0	300	300	
	126.3	230	72.76	0	300	300	
	120.2	230	63.54	0	300	300	
	122.3	230	62.16	0	300	300	
	121	230	60.02	0	300	300	
	118.5	230	56.92	0	300	300	
	121.5	230	58.62	0	300	300	
	123.3	230	59.26	0	300	300	
	118.8	235	54.38	0	300	300	
	115.5	235	50.98	0	300	300	
	111.7	235	47.8	0	300	300	
	113.2	235	48.58	0	300	300	
	107.5	235	43.76	0	300	300	
	106.8	235	42.7	0	300	300	
	106.3	235	42.22	0	300	300	
	111.5	235	46	0	300	300	
	116	235	48.82	0	300	300	
	117.4	235	49.46	0	300	300	
	116.5	235	47.38	0	300	300	
	115.6	235	46.94	0	300	300	
	115.4	235	46.78	0	300	300	

	101.1	160	184.44	61	300	300	
	98.9	160	150.28	61	300	300	
	98.7	160	139.4	45	300	300	
	101.9	160	134.74	32	300	300	
	101.3	160	130.72	32	300	300	
	96.8	160	122.78	32	300	300	
	95.9	160	118.92	32	300	300	
	99.5	170	120.84	32	300	300	
	97.3	170	116.02	32	300	300	
	98.7	170	115.4	32	300	300	
	99.9	170	113.56	32	300	300	
	97.1	170	107.02	32	300	300	
	99.1	170	106.08	32	300	300	
	106.1	175	112.24	32	300	300	
	106.1	175	111.38	16	300	300	
	106.1	175	104.34	16	300	300	
	104.5	175	98.3	16	300	300	
	106.4	175	98.08	16	300	300	
	106.1	175	94.22	16	300	300	
	106.3	175	91.68	16	300	300	
	102.2	175	82.86	16	300	300	
	102	175	79.56	16	300	300	
	104.7	175	80.4	0	300	300	
	105.4	175	78.86	0	300	300	
	105.3	175	77.8	0	300	300	
	104.6	175	73.34	0	300	300	
	103.6	175	71.9	0	300	300	
	103.8	175	71.58	0	300	300	
	105.2	175	71.5	0	300	300	
	103.9	175	68.78	0	300	300	
	108.5	175	71.88	0	300	300	
	109.4	175	73.78	0	300	300	
	105.1	175	66.72	0	300	300	
	102.7	175	62.48	0	300	300	
	103	175	62.16	0	300	300	
	104.2	175	61.86	0	300	300	
	103.8	175	60.3	0	300	300	
	114.5	175	75.92	0	300	300	
	118.7	175	81.08	0	300	300	
	116	175	76.3	0	300	300	
	116.1	175	74.9	0	300	300	
	115.6	175	73.78	0	300	300	
	114.7	175	71.56	0	300	300	
	114.7	175	71.56	0	300	300	
	117.4	175	75.18	0	300	300	
	118.1	175	74.54	0	300	300	
	116.5	175	70.72	0	300	300	
	118.3	175	73	0	300	300	
	118.4	175	72.42	0	300	300	
	124.4	175	83.28	0	300	300	
	123.8	175	81.68	0	300	300	
	123.8	175	80.52	0	300	300	
	122	175	75.7	0	300	300	
	123.8	175	77.3	0	300	300	
	122.7	175	72.54	0	300	300	
	122.9	175	71.58	0	300	300	
	125.4	175	75.02	0	300	300	
	123.6	175	70.98	0	300	300	
	127.8	175	76.3	0	300	300	
	129	175	77.84	0	300	300	
	129.5	175	77.52	0	300	300	
	128.3	175	74.5	0	300	300	
	129	175	75.82	0	300	300	
	129.5	175	75.82	0	300	300	
	128.4	175	72.42	0	300	300	
	129.8	175	73.32	0	300	300	
	127.6	175	67.8	0	300	300	
	128.1	175	69.82	0	300	300	
	126.9	175	67.48	0	300	300	
	123.4	175	58.86	0	300	300	
	123.1	175	57.42	0	300	300	
	125.2	175	61.78	0	300	300	
	125.3	175	60.98	0	300	300	
	125.8	175	62.52	0	300	300	
	126	175	61.62	0	300	300	
	126.4	175	60.94	0	300	300	
	124.4	175	55.46	0	300	300	
	123.5	175	52.7	0	300	300	
	124.5	175	53.66	0	300	300	
	124.1	175	51.8	0	300	300	
	123.9	175	50.74	0	300	300	
	121.9	175	47.64	0	300	300	
	121.3	175	45.2	0	300	300	
	120.2	175	41.8	0	300	300	
	118.8	175	38.56	0	300	300	
	118	175	35.42	0	300	300	
	118.4	175	34.46	0	300	300	
	117.6	175	33.02	0	300	300	
	121.1	175	41.32	0	300	300	
	121.6	175	42.9	0	300	300	
	122.6	185	43.2	0	300	300	
	125	185	46.7	0	300	300	
	126.5	185	46.6	0	300	300	
	124.4	185	42.88	0	300	300	
	124.1	185	39.96	0	300	300	
	125.7	185	41.72	0	300	300	
	128.5	185	46.4	0	300	300	
	129.8	185	48.42	0	300	300	
	131.2	185	51.28	0	300	300	
	136.1	185	57.52	0	300	300	
	141	185	67.3	0	300	300	

	97	155	165.86	45	300	300	
	101.9	155	143.6	45	300	300	
	101.2	155	134.64	45	300	300	
	98.1	155	124.78	45	300	300	
	102.6	180	128.02	45	300	300	
	98.8	180	121.04	45	300	300	
	103.6	180	121.76	45	300	300	
	102.3	180	117.34	45	300	300	
	108.3	180	123.18	45	300	300	
	108.3	180	117.64	32	300	300	
	106	180	113.82	32	300	300	
	107	180	113.04	32	300	300	
	105.7	180	108.56	32	300	300	
	105.8	180	104.4	32	300	300	
	102.1	180	97.08	0	300	300	
	99.9	180	91.46	0	300	300	
	93.5	180	82.8	0	300	300	
	97.8	180	88.26	0	300	300	
	94.7	180	81.42	0	300	300	
	92.7	180	78.04	0	300	300	
	88.8	180	70.04	0	300	300	
	96.6	180	79.02	0	300	300	
	101.7	180	82.58	0	300	300	
	104.8	180	85.28	0	300	300	
	109.8	180	91	0	300	300	
	110.6	180	90.86	0	300	300	
	110.3	180	89.02	0	300	300	
	110.4	180	89.02	0	300	300	
	109.1	180	86.16	0	300	300	
	109.1	180	85.84	0	300	300	
	106.3	180	79.76	0	300	300	
	106.4	180	80.4	0	300	300	
	104.9	180	77.64	0	300	300	
	108.3	180	80.88	0	300	300	
	108.3	180	80.88	0	300	300	
	109.7	180	80.78	0	300	300	
	113.9	180	84.02	0	300	300	
	116.6	180	87.88	0	300	300	
	114.7	180	83.36	0	300	300	
	120.5	180	90.62	0	300	300	
	121.1	180	90.3	0	300	300	
	121.4	180	88.14	0	300	300	
	119	180	84.68	0	300	300	
	113.7	180	76.16	0	300	300	
	112.9	180	73.46	0	300	300	
	113.9	180	75.84	0	300	300	
	114.9	180	76.16	0	300	300	
	114.9	180	74.52	0	300	300	
	114.4	180	72.5	0	300	300	
	117	180	73.46	0	300	300	
	120.2	190	79.08	0	300	300	
	121.6	190	83.14	0	300	300	
	123.3	190	83.46	0	300	300	
	125.5	190	86.22	0	300	300	
	130.7	190	92.96	0	300	300	
	130.8	190	93.9	0	300	300	
	127	190	83.24	0	300	300	
	125.8	190	78.94	0	300	300	
	129.9	190	85.7	0	300	300	
	132.5	190	90.9	0	300	300	
	133.4	190	91.9	0	300	300	
	133.2	190	88.64	0	300	300	
	132.6	190	86.72	0	300	300	
	130.3	190	78.88	0	300	300	
	130.4	190	78.3	0	300	300	
	131.4	190	79.68	0	300	300	
	130.3	190	77.72	0	300	300	
	130.6	190	77.72	0	300	300	
	130.8	190	77.46	0	300	300	
	131.7	190	77.84	0	300	300	
	131.7	190	77.84	0	300	300	
	131.6	190	76.68	0	300	300	
	132.9	190	77.58	0	300	300	
	134.4	190	78.28	0	300	300	
	136.8	190	84.12	0	300	300	
	137.8	190	85.82	0	300	300	
	136.7	190	80.62	0	300	300	
	133.6	190	75.3	0	300	300	
	135.4	190	78.12	0	300	300	
	132	190	66.5	0	300	300	
	130.6	190	58.74	0	300	300	
	129.6	190	55.5	0	300	300	
	128.1	190	48.4	0	300	300	
	134.3	190	59.46	0	300	300	
	133.2	190	55.26	0	300	300	
	132.5	190	52.24	0	300	300	
	130.7	190	48.3	0	300	300	
	129.4	190	44.78	0	300	300	
	129.2	190	42.02	0	300	300	
	130.8	190	42.34	0	300	300	
	133	190	44.42	0	300	300	
	134.2	190	42.62	0	300	300	
	136.3	190	43.9	0	300	300	
	135.8	190	43.74	0	300	300	
	134.3	190	42.46	0	300	300	
	132.1	190	39.58	0	300	300	
	132	190	37.72	0	300	300	
	130.3	190	34.52	0	300	300	
	131.2	190	36.12	0	300	300	
	129.5	190	33.4	0	300	300	
	127.6	190	31.96	0	300	300	

	92.7	150	165.48	45	300	300	
	94.3	150	142.76	45	300	300	
	91	150	125.62	45	300	300	
	89.1	150	114.04	45	300	300	
	93.2	150	114.26	45	300	300	
	90.6	150	108.34	16	300	300	
	92.2	150	107.02	16	300	300	
	93.9	150	108.9	16	300	300	
	93.1	150	102.6	0	300	300	
	90.7	150	97.4	0	300	300	
	86.8	150	89.18	0	300	300	
	84.5	150	83.66	0	300	300	
	82.8	150	79.2	0	300	300	
	79.7	150	73.6	0	300	300	
	87.6	170	81.08	0	300	300	
	84.7	170	72.42	0	300	300	
	83.3	170	68.52	0	300	300	
	84.3	170	67.42	0	300	300	
	83.6	170	64.46	0	300	300	
	85.1	170	65	0	300	300	
	92.3	170	76.66	0	300	300	
	89.5	170	66.84	0	300	300	
	88.7	170	65.24	0	300	300	
	89	170	65.24	0	300	300	
	89.2	170	65.24	0	300	300	
	96.7	170	72.42	0	300	300	
	98.1	170	73	0	300	300	
	95.6	170	69.66	0	300	300	
	99.8	170	73.48	0	300	300	
	102.6	170	76.52	0	300	300	
	109.7	170	83.9	0	300	300	
	109.9	170	83.9	0	300	300	
	108.3	170	80.14	0	300	300	
	109.5	185	81.04	0	300	300	
	115	195	87.36	0	300	300	
	116	195	86.26	0	300	300	
	116.1	195	82.54	0	300	300	
	113.4	195	77.34	0	300	300	
	114.3	195	77.66	0	300	300	
	115.1	195	77.86	0	300	300	
	114.9	195	77.8	0	300	300	
	117.5	195	80.56	0	300	300	
	115.9	195	77.66	0	300	300	
	113.4	195	72.48	0	300	300	
	112.9	195	69.88	0	300	300	
	112	195	66.44	0	300	300	
	113.2	195	67.8	0	300	300	
	113.5	195	67.78	0	300	300	
	114.4	195	65.76	0	300	300	
	119.6	195	74.68	0	300	300	
	121.7	195	77.48	0	300	300	
	118.7	195	71.92	0	300	300	
	118.1	195	67.42	0	300	300	
	113.9	195	62.9	0	300	300	
	110.9	195	58.56	0	300	300	
	110.4	195	55.86	0	300	300	
	110.4	195	54.1	0	300	300	
	109.5	195	52.28	0	300	300	
	109.1	195	49.36	0	300	300	
	111.8	195	52.7	0	300	300	
	118.7	195	58.44	0	300	300	
	119.5	195	58.64	0	300	300	
	121.2	195	59.92	0	300	300	
	123.2	195	60.3	0	300	300	
	124.9	195	60.88	0	300	300	
	126.3	195	64.48	0	300	300	
	123.5	195	58	0	300	300	
	118.7	195	52.4	0	300	300	
	117.1	195	52.28	0	300	300	
	115.3	195	47.92	0	300	300	
	117	195	48.44	0	300	300	
	118	195	52.48	0	300	300	
	118.2	195	50.4	0	300	300	
	118.2	195	50.18	0	300	300	
	113.3	195	45.3	0	300	300	
	113.5	195	44.98	0	300	300	
	114.8	195	45.3	0	300	300	
	111.9	195	42.64	0	300	300	
	114.3	195	44.5	0	300	300	
	118.9	195	47.32	0	300	300	
	118.5	195	46.46	0	300	300	
	117.2	195	44.08	0	300	300	
	117.7	195	42.76	0	300	300	
	118.8	205	43.3	0	300	300	
	117.3	205	42.5	0	300	300	
	111.3	205	36.76	0	300	300	
	108.6	205	34.1	0	300	300	
	111.2	205	37.14	0	300	300	
	110.4	205	36.24	0	300	300	
	109.5	205	35.76	0	300	300	
	110.3	205	36.76	0	300	300	
	108.7	205	35.96	0	300	300	
	108.7	205	35.96	0	300	300	
	107.8	205	35.7	0	300	300	
	110.6	205	37.14	0	300	300	
	116	205	40.28	0	300	300	
	114.6	205	41.38	0	300	300	
	109.4	205	35.76	0	300	300	
	114.3	205	38.42	0	300	300	
	121.9	205	42.46	0	300	300	
	127.2	205	44.38	0	300	300	

	91	155	170.66	77	300	300	
	98.2	155	148	45	300	300	
	101.4	155	142.54	45	300	300	
	107.3	155	143.1	45	300	300	
	106.8	155	136.18	45	300	300	
	109.9	155	133.12	45	300	300	
	112.5	155	136.04	45	300	300	
	116.5	155	137.42	45	300	300	
	117.5	155	137.94	45	300	300	
	116.8	155	134.78	0	300	300	
	115.8	155	131.1	0	300	300	
	114	170	123.42	0	300	300	
	113.9	170	121.5	0	300	300	
	104.8	170	102.62	0	300	300	
	105.1	170	101.82	0	300	300	
	104.2	170	99.64	0	300	300	
	104.8	170	98.64	0	300	300	
	102.3	170	93.18	0	300	300	
	98	170	80.04	0	300	300	
	97.5	170	77.54	0	300	300	
	92.6	170	70.04	0	300	300	
	93.8	170	69.2	0	300	300	
	90.4	170	62.56	0	300	300	
	88.1	170	58.42	0	300	300	
	87.5	170	55.98	0	300	300	
	88.1	170	56.3	0	300	300	
	87	170	52.64	0	300	300	
	92.4	170	57.96	0	300	300	
	90	170	53.4	0	300	300	
	95.8	170	60.48	0	300	300	
	99.7	170	65	0	300	300	
	102.8	170	69.78	0	300	300	
	103.1	170	69.3	0	300	300	
	102.3	175	66.84	0	300	300	
	103.1	175	68.58	0	300	300	
	102.8	175	65.68	0	300	300	
	100.5	175	61.64	0	300	300	
	103.7	175	67.2	0	300	300	
	106.4	175	70.36	0	300	300	
	106	175	69.3	0	300	300	
	107	175	72.96	0	300	300	
	106.9	175	68.18	0	300	300	
	107	175	68.18	0	300	300	
	106.7	175	67.54	0	300	300	
	111.6	175	74.12	0	300	300	
	113.4	175	77.62	0	300	300	
	112.9	175	74.98	0	300	300	
	113.2	175	74.24	0	300	300	
	112.8	175	72.86	0	300	300	
	112.4	175	72.06	0	300	300	
	114.9	175	78.2	0	300	300	
	113.6	175	73.64	0	300	300	
	112.7	175	69.88	0	300	300	
	115.3	175	72.86	0	300	300	
	115.7	180	72.34	0	300	300	
	117.9	180	74.84	0	300	300	
	116.5	180	71.14	0	300	300	
	116.3	180	68.34	0	300	300	
	117.8	180	67.88	0	300	300	
	117	180	65.76	0	300	300	
	121.5	180	70.7	0	300	300	
	120.2	180	68.52	0	300	300	
	116.2	180	62.78	0	300	300	
	116.2	180	62.78	0	300	300	
	119.6	180	65.62	0	300	300	
	119.7	180	63.92	0	300	300	
	116	180	58.34	0	300	300	
	113.6	180	55.26	0	300	300	
	112.1	180	52.4	0	300	300	
	109.4	180	46.54	0	300	300	
	109.3	180	43.98	0	300	300	
	109.7	180	42.96	0	300	300	
	111.7	185	43.86	0	300	300	
	113.1	185	45.08	0	300	300	
	112.4	185	43.48	0	300	300	
	115.9	185	48.8	0	300	300	
	114.7	185	44.44	0	300	300	
	119.7	185	49.76	0	300	300	
	121.3	185	51.46	0	300	300	
	121.4	185	51.36	0	300	300	
	121.6	185	51.36	0	300	300	
	122.4	185	52.54	0	300	300	
	129.1	185	60.5	0	300	300	
	127.5	185	58.7	0	300	300	
	125	185	54.82	0	300	300	
	127.9	185	58.06	0	300	300	
	130.4	185	60.5	0	300	300	
	131.7	185	60.98	0	300	300	
	132.5	185	62.94	0	300	300	
	132.9	185	62.98	0	300	300	
	136.9	185	66.66	0	300	300	
	136.6	185	67.28	0	300	300	
	138.6	185	67.78	0	300	300	
	138.5	185	66	0	300	300	
	139.6	185	66.18	0	300	300	
	140	185	65.78	0	300	300	
	138	185	62.96	0	300	300	
	138.8	185	61.78	0	300	300	
	139.1	185	63.04	0	300	300	
	136.9	185	58.9	0	300	300	
	132.8	185	56.6	0	300	300	

	100.6	165	175.36	77	300	300	
	107.1	185	153.08	77	300	300	
	107	185	142.08	77	300	300	
	109.5	185	138.42	61	300	300	
	104.1	185	127.62	45	300	300	
	103.5	185	125.24	45	300	300	
	105.4	185	123.12	45	300	300	
	108.3	185	126.38	45	300	300	
	108.8	185	120.48	32	300	300	
	105.1	185	114	32	300	300	
	103.2	185	108.7	32	300	300	
	106.4	185	109.5	32	300	300	
	105.6	185	102.26	16	300	300	
	107	185	102.68	16	300	300	
	109.1	185	103.12	16	300	300	
	110	185	102.7	0	300	300	
	113.8	215	102.48	0	300	300	
	116	215	102.56	0	300	300	
	112	215	95.88	0	300	300	
	111.4	215	95.24	0	300	300	
	116.1	215	97.62	0	300	300	
	115.2	215	94.86	0	300	300	
	119.1	215	101.44	0	300	300	
	117.2	215	98.14	0	300	300	
	110.1	225	81.96	0	300	300	
	111	225	81.22	0	300	300	
	110.1	225	79.74	0	300	300	
	109.6	225	77.3	0	300	300	
	107.9	225	72.7	0	300	300	
	107.5	225	70.42	0	300	300	
	106.1	225	66.24	0	300	300	
	105.4	225	66.4	0	300	300	
	107.2	225	65.46	0	300	300	
	106.5	225	63.86	0	300	300	
	105.2	225	60.84	0	300	300	
	102.1	225	55.62	0	300	300	
	102.3	225	54.72	0	300	300	
	104.2	225	55.02	0	300	300	
	106.1	225	55.38	0	300	300	
	107.4	225	56.86	0	300	300	
	108.3	225	57.92	0	300	300	
	107.2	225	56.02	0	300	300	
	108.9	225	56.94	0	300	300	
	108.8	225	54.98	0	300	300	
	111.7	225	57.48	0	300	300	
	115.5	225	63	0	300	300	
	118.2	225	64.96	0	300	300	
	117.6	225	63.2	0	300	300	
	117.4	225	61.88	0	300	300	
	118.9	225	62.72	0	300	300	
	117	225	59.92	0	300	300	
	115.7	225	58.06	0	300	300	
	116.6	225	56.88	0	300	300	
	113	225	50.98	0	300	300	
	111.5	225	50.5	0	300	300	
	114.6	225	51.94	0	300	300	
	117.2	225	55.18	0	300	300	
	118.3	225	55.82	0	300	300	
	116.3	225	52	0	300	300	
	115.5	225	47.8	0	300	300	
	118.5	225	49.6	0	300	300	
	120.2	225	50.72	0	300	300	
	120.2	225	50.72	0	300	300	
	119	225	49.5	0	300	300	
	121.2	225	52.14	0	300	300	
	121.7	225	50.98	0	300	300	
	124.4	225	51.94	0	300	300	
	128.8	225	54.48	0	300	300	
	126.6	225	51.46	0	300	300	
	133.4	225	57.84	0	300	300	
	137.5	225	59.38	0	300	300	
	138.6	225	58.48	0	300	300	
	138	225	56.62	0	300	300	
	137	225	56.04	0	300	300	
	135.2	225	53.92	0	300	300	
	135.6	225	53.6	0	300	300	
	132.9	225	50.84	0	300	300	
	141.4	225	58.5	0	300	300	
	152.5	225	70.18	0	300	300	
	152.2	225	68.38	0	300	300	
	155.1	225	74.3	0	300	300	
	155.1	225	70.96	0	300	300	
	153	225	66.08	0	300	300	
	153.1	225	64.28	0	300	300	
	152.5	225	63.38	0	300	300	
	148.3	225	57.24	0	300	300	
	147.4	225	55.28	0	300	300	
	144.6	230	51.18	0	300	300	
	143.6	230	49.9	0	300	300	
	145.2	230	48.58	0	300	300	
	146.6	230	49.64	0	300	300	
	147.8	230	50.16	0	300	300	
	150.1	230	52.46	0	300	300	
	149.9	230	53.1	0	300	300	
	146.7	230	48.32	0	300	300	
	153.2	230	54.32	0	300	300	
	152.5	230	52.42	0	300	300	
	152.1	230	52.16	0	300	300	
	151.4	230	49.72	0	300	300	
	152.5	235	50.94	0	300	300	
	152.7	235	48.6	0	300	300	

	90.7	170	176.96	77	300	300	
	94.3	170	150.26	45	300	300	
	90.3	180	131	45	300	300	
	92.9	180	126.5	16	300	300	
	97.5	180	126.54	16	300	300	
	93.4	180	117.16	16	300	300	
	96	180	113.3	16	300	300	
	95.8	180	105.84	16	300	300	
	99.1	180	104.28	16	300	300	
	96.9	180	99.38	16	300	300	
	109.9	205	107.86	16	300	300	
	107.9	205	102.56	16	300	300	
	101.7	205	91.04	16	300	300	
	103.8	205	87.64	16	300	300	
	105.8	205	87.1	16	300	300	
	106.5	205	83.28	16	300	300	
	111.1	205	85.42	16	300	300	
	113.6	205	85.74	16	300	300	
	108.9	205	78.58	0	300	300	
	107.7	220	74.38	0	300	300	
	112.5	220	78.64	0	300	300	
	115.2	220	78.22	0	300	300	
	112.5	220	71.8	0	300	300	
	117.5	220	75.4	0	300	300	
	113	220	69.88	0	300	300	
	110	220	66.42	0	300	300	
	107	225	62.76	0	300	300	
	105.4	225	61.9	0	300	300	
	101.8	225	57.8	0	300	300	
	102.5	225	57.8	0	300	300	
	96.7	225	51.06	0	300	300	
	94.2	225	48.62	0	300	300	
	94.9	225	48.78	0	300	300	
	96	225	47.88	0	300	300	
	95.8	225	47.56	0	300	300	
	91.1	225	43.04	0	300	300	
	83.2	225	36.94	0	300	300	
	91.3	225	44.64	0	300	300	
	90.9	225	39.76	0	300	300	
	98.4	225	43.42	0	300	300	
	99.6	225	44.16	0	300	300	
	104.9	225	47.52	0	300	300	
	116	225	59.82	0	300	300	
	128.4	230	67.58	0	300	300	
	139.1	230	74.06	0	300	300	
	141	230	72.36	0	300	300	
	147	230	75.62	0	300	300	
	141.5	230	69.02	0	300	300	
	149.5	230	73.8	0	300	300	
	142.4	230	67.1	0	300	300	
	138	230	62.68	0	300	300	
	139.8	230	63.2	0	300	300	
	136.8	230	60.28	0	300	300	
	142.1	230	64.68	0	300	300	
	152.8	230	72.62	0	300	300	
	146.3	230	64.62	0	300	300	
	142.4	230	59.84	0	300	300	
	147.6	230	62.5	0	300	300	
	149.7	230	64.78	0	300	300	
	146.6	230	61.7	0	300	300	
	151.2	230	61.64	0	300	300	
	155.5	235	64.18	0	300	300	
	150.6	235	58.56	0	300	300	
	145.3	235	53.72	0	300	300	
	143.2	235	51.54	0	300	300	
	148.7	235	55.68	0	300	300	
	150.6	235	56.9	0	300	300	
	158.7	235	61.9	0	300	300	
	167.8	235	69.4	0	300	300	
	165.2	235	65.58	0	300	300	
	165.4	235	65.52	0	300	300	
	164.3	235	64.62	0	300	300	
	162.2	235	62.08	0	300	300	
	162.2	235	62.08	0	300	300	
	163.6	235	62.36	0	300	300	
	159.5	235	57.9	0	300	300	
	150.6	235	50.08	0	300	300	
	149.5	235	49.38	0	300	300	
	148	235	47.52	0	300	300	
	145.7	235	45.12	0	300	300	
	144.8	235	44.48	0	300	300	
	144.3	235	44.16	0	300	300	
	151.5	235	51.7	0	300	300	
	153.5	235	53.98	0	300	300	
	153.6	235	53.98	0	300	300	
	150.6	235	51.48	0	300	300	
	150.8	235	51.16	0	300	300	
	148.2	235	48.14	0	300	300	
	144.8	235	43.62	0	300	300	
	145.1	235	44	0	300	300	
	142.8	235	42.72	0	300	300	
	137.7	235	38.1	0	300	300	
	153.1	235	55.62	0	300	300	
	156	235	57.5	0	300	300	
	153.7	235	52.98	0	300	300	
	158.4	240	53.9	0	300	300	
	159.6	240	54	0	300	300	
	158.2	240	53.04	0	300	300	
	157.3	240	51.5	0	300	300	
	159.2	240	53.04	0	300	300	
	153.8	240	47.78	0	300	300	

	93.3	205	173.98	45	300	300	
	95.1	205	145.08	45	300	300	
	94.9	205	137.46	45	300	300	
	95.3	205	124.8	45	300	300	
	92.5	205	115.06	45	300	300	
	99.1	205	118.98	32	300	300	
	95.8	205	111.82	32	300	300	
	105.8	205	128.2	32	300	300	
	105	205	123.08	32	300	300	
	107.1	205	121.92	32	300	300	
	106.1	205	118.4	32	300	300	
	110.1	205	121.06	32	300	300	
	107.5	205	115.08	32	300	300	
	108.9	205	112.94	32	300	300	
	110.3	205	111.08	32	300	300	
	114.6	205	115.54	32	300	300	
	115.4	205	113.7	32	300	300	
	116.8	205	112.7	32	300	300	
	116.7	205	109.96	32	300	300	
	120.1	205	110.48	32	300	300	
	122.4	205	111.62	16	300	300	
	122.8	205	108.42	0	300	300	
	120.8	205	101.8	0	300	300	
	119.4	205	99.6	0	300	300	
	120.8	205	99.34	0	300	300	
	125.1	205	100.78	0	300	300	
	124	205	99.82	0	300	300	
	124.1	205	97.96	0	300	300	
	129.4	205	104.18	0	300	300	
	129.5	205	98	0	300	300	
	130.6	205	99.58	0	300	300	
	128.4	205	95.12	0	300	300	
	124.6	205	86.28	0	300	300	
	113.5	210	63.16	0	300	300	
	113.1	210	62.32	0	300	300	
	113.3	210	62.16	0	300	300	
	112.8	210	58.56	0	300	300	
	118.1	215	63.66	0	300	300	
	123.2	215	68.86	0	300	300	
	121	215	62.12	0	300	300	
	122.4	215	61.86	0	300	300	
	121.4	215	59.04	0	300	300	
	120	215	54.48	0	300	300	
	121.2	215	56.28	0	300	300	
	121.7	215	56.18	0	300	300	
	122.6	215	57.4	0	300	300	
	123.3	215	58.2	0	300	300	
	122.8	215	56.98	0	300	300	
	125.2	215	58.84	0	300	300	
	124.1	215	57.56	0	300	300	
	125.9	215	61	0	300	300	
	123.3	215	56.44	0	300	300	
	123.6	215	55.28	0	300	300	
	127.3	215	60.42	0	300	300	
	124.1	215	55.04	0	300	300	
	125.2	215	56.42	0	300	300	
	125.9	215	56.26	0	300	300	
	126.6	215	55.38	0	300	300	
	129.5	215	58.46	0	300	300	
	133.7	215	63.6	0	300	300	
	133	215	61.96	0	300	300	
	142.8	215	75.5	0	300	300	
	143.2	215	75.06	0	300	300	
	144	215	73.48	0	300	300	
	144.7	215	74.6	0	300	300	
	146.4	215	76.62	0	300	300	
	145.7	215	74.96	0	300	300	
	145.3	215	73.78	0	300	300	
	141.2	215	67.26	0	300	300	
	140.3	215	65.78	0	300	300	
	140.5	215	66.36	0	300	300	
	142.1	215	70.24	0	300	300	
	143.7	215	71.74	0	300	300	
	144.6	215	72.06	0	300	300	
	143.7	215	71.22	0	300	300	
	143.3	215	69.78	0	300	300	
	143.2	215	68.56	0	300	300	
	146.4	215	73.44	0	300	300	
	147.6	215	73.22	0	300	300	
	145.9	215	70.62	0	300	300	
	146.2	215	68.66	0	300	300	
	144.8	225	63.94	0	300	300	
	142.6	225	60.22	0	300	300	
	144.8	225	60.46	0	300	300	
	140.9	225	55.78	0	300	300	
	146.7	225	63.06	0	300	300	
	143.4	225	57.44	0	300	300	
	140.3	225	51.76	0	300	300	
	143.2	225	54.9	0	300	300	
	143.7	225	53.62	0	300	300	
	143.4	225	52.14	0	300	300	
	150.7	225	63.44	0	300	300	
	155.5	225	69.18	0	300	300	
	162.8	225	79.56	0	300	300	
	166.2	225	78.82	0	300	300	
	166.5	225	77.5	0	300	300	
	164.9	225	74.16	0	300	300	
	166.9	225	75.22	0	300	300	
	167.4	225	75.06	0	300	300	
	169.9	225	78.2	0	300	300	
	168.4	225	75.8	0	300	300	

	94.8	160	174.6	45	300	300	
	100	160	153.4	45	300	300	
	94.7	160	136.56	45	300	300	
	91.8	160	119.68	45	300	300	
	88.2	160	108.16	45	300	300	
	80.9	160	93.74	45	300	300	
	73.9	160	83.56	45	300	300	
	83.5	160	91.2	32	300	300	
	81	160	85.28	16	300	300	
	88	160	92.3	16	300	300	
	89.9	160	94.28	16	300	300	
	88.5	160	92.34	16	300	300	
	85.9	160	85.88	16	300	300	
	86	160	84.72	16	300	300	
	84.1	160	81.6	16	300	300	
	77.7	160	71.04	16	300	300	
	84.4	160	75.28	16	300	300	
	85.3	160	73.48	16	300	300	
	83.8	160	70.4	16	300	300	
	83.4	160	67.6	0	300	300	
	86.9	160	67.24	0	300	300	
	90.3	160	67.78	0	300	300	
	96.9	160	73.62	0	300	300	
	96.7	160	71.12	0	300	300	
	91.6	160	63.52	0	300	300	
	88.3	175	58.96	0	300	300	
	86.3	175	55.08	0	300	300	
	90.1	175	58.48	0	300	300	
	93	175	59.14	0	300	300	
	93.8	175	58.66	0	300	300	
	101.4	175	63.52	0	300	300	
	97.6	175	58.56	0	300	300	
	98.8	175	59.08	0	300	300	
	91.5	175	49.4	0	300	300	
	86.3	175	44.04	0	300	300	
	94.1	175	51.12	0	300	300	
	103.5	175	55.28	0	300	300	
	101.4	175	50.82	0	300	300	
	95.5	175	44.28	0	300	300	
	93.1	175	43	0	300	300	
	91.4	175	39.96	0	300	300	
	91.2	175	42.36	0	300	300	
	87.1	175	38.36	0	300	300	
	88.2	175	38.78	0	300	300	
	88.2	175	38.78	0	300	300	
	88.5	175	38.78	0	300	300	
	88.7	175	38.72	0	300	300	
	88.9	175	38.72	0	300	300	
	89.7	175	39.36	0	300	300	
	88.7	175	38.56	0	300	300	
	88.2	175	38.4	0	300	300	
	84.6	175	34.36	0	300	300	
	75.7	175	26.86	0	300	300	
	73.2	175	25.42	0	300	300	
	68.7	175	21.16	0	300	300	
	64.4	175	15.68	0	300	300	
	64.4	175	15.68	0	300	300	
	64.4	175	15.68	0	300	300	
	64.4	175	15.68	0	300	300	
	70.3	175	23.98	0	300	300	
	80.1	175	37.54	0	300	300	
	85.3	175	39.36	0	300	300	
	86.4	175	39.48	0	300	300	
	87.7	175	39.22	0	300	300	
	88.8	175	39.82	0	300	300	
	96.9	180	49.5	0	300	300	
	97	180	49.76	0	300	300	
	98.4	180	49.44	0	300	300	
	101.4	180	50.44	0	300	300	
	106.4	180	56.12	0	300	300	
	111.1	185	57.08	0	300	300	
	112.8	185	57.08	0	300	300	
	113	185	55.44	0	300	300	
	111.3	185	53.26	0	300	300	
	108	185	47.74	0	300	300	
	107.7	185	45.4	0	300	300	
	109.1	185	45.82	0	300	300	
	110.5	185	46.46	0	300	300	
	111.7	185	47.94	0	300	300	
	111.7	185	46.88	0	300	300	
	111.1	185	46.5	0	300	300	
	104.8	185	39.42	0	300	300	
	98.3	185	33.08	0	300	300	
	94.6	185	29	0	300	300	
	90.3	185	24.06	0	300	300	
	88.6	185	22.52	0	300	300	
	96.1	185	29.96	0	300	300	
	102	185	35.12	0	300	300	
	105.3	185	38	0	300	300	
	105.9	185	37.68	0	300	300	
	109.8	185	40.54	0	300	300	
	111.3	185	39.9	0	300	300	
	111.5	185	39.52	0	300	300	
	107.9	185	33.2	0	300	300	
	107.3	185	32.88	0	300	300	
	106.3	185	31.02	0	300	300	
	103.5	185	27.62	0	300	300	
	104	185	28.32	0	300	300	
	98.7	185	23.9	0	300	300	
	95.5	185	22.04	0	300	300	
	95.1	185	21.46	0	300	300	

	98.4	170	173.36	77	300	300	
	96.7	170	143.68	48	300	300	
	94.3	170	127.28	45	300	300	
	96.4	170	121.06	45	300	300	
	98.1	170	120.76	45	300	300	
	93.4	170	111.22	0	300	300	
	90.7	170	99.84	0	300	300	
	88	170	91.28	0	300	300	
	90.5	170	88.78	0	300	300	
	88.8	170	85.16	0	300	300	
	91.2	170	88.82	0	300	300	
	92.7	170	87.7	0	300	300	
	95.8	170	89.2	0	300	300	
	95	170	86.86	0	300	300	
	94.5	170	84.24	0	300	300	
	92.3	170	80.36	0	300	300	
	91.8	170	75.92	0	300	300	
	89.8	170	74.5	0	300	300	
	91.8	170	72.82	0	300	300	
	94.5	170	76.74	0	300	300	
	94.6	170	75.96	0	300	300	
	100.7	170	83.6	0	300	300	
	110.6	170	99.82	0	300	300	
	107.3	180	89.24	0	300	300	
	109.3	180	89.52	0	300	300	
	106.2	180	84.06	0	300	300	
	108	180	84.28	0	300	300	
	106.7	180	79.88	0	300	300	
	106	180	78.12	0	300	300	
	105.6	180	76.8	0	300	300	
	107.9	180	78.4	0	300	300	
	106.9	180	76.32	0	300	300	
	105	180	73.24	0	300	300	
	100.5	180	67.62	0	300	300	
	103.8	180	69.7	0	300	300	
	104.2	180	68.32	0	300	300	
	103	180	65.98	0	300	300	
	102.3	180	64.32	0	300	300	
	106.7	180	70.08	0	300	300	
	112.8	185	75.64	0	300	300	
	116.5	185	78.92	0	300	300	
	117.8	185	79.5	0	300	300	
	118.6	185	79.82	0	300	300	
	119.9	185	78.24	0	300	300	
	116.2	185	71.46	0	300	300	
	114.9	185	66.58	0	300	300	
	116.2	185	66.4	0	300	300	
	116	185	64.7	0	300	300	
	112.7	185	56.26	0	300	300	
	110.9	185	52.66	0	300	300	
	118.7	185	61.06	0	300	300	
	123.4	185	67.02	0	300	300	
	124.6	185	68.18	0	300	300	
	123.7	185	66.8	0	300	300	
	123.9	185	66.38	0	300	300	
	125.4	185	66	0	300	300	
	133	185	75.6	0	300	300	
	134.5	185	75.06	0	300	300	
	133.1	185	70.72	0	300	300	
	134.3	190	68.92	0	300	300	
	132.3	190	64.94	0	300	300	
	128.9	195	58.24	0	300	300	
	128.3	195	56.6	0	300	300	
	132.6	195	64.92	0	300	300	
	135.2	195	63.98	0	300	300	
	134.5	195	61.22	0	300	300	
	134.2	195	60.84	0	300	300	
	137.4	195	63.54	0	300	300	
	138.2	195	62.44	0	300	300	
	136	195	58.94	0	300	300	
	137.4	195	58.14	0	300	300	
	138.6	195	59.4	0	300	300	
	140.2	195	60.84	0	300	300	
	139.9	195	60.52	0	300	300	
	139	205	55.7	0	300	300	
	135	205	49.56	0	300	300	
	136.4	205	48.6	0	300	300	
	136.8	205	47.8	0	300	300	
	141.9	205	53.8	0	300	300	
	145.6	205	58.68	0	300	300	
	147.5	205	61.12	0	300	300	
	155.3	205	73.52	0	300	300	
	154.3	205	68.54	0	300	300	
	154.1	205	66.9	0	300	300	
	153.1	205	64.88	0	300	300	
	152.2	205	62.08	0	300	300	
	149.1	205	55.6	0	300	300	
	155	205	63.26	0	300	300	
	156.2	205	64.38	0	300	300	
	155.8	205	60.4	0	300	300	
	156.9	205	61.3	0	300	300	
	156.9	205	61.3	0	300	300	
	159.6	210	65.82	0	300	300	
	159	210	63.5	0	300	300	
	159.6	210	65.14	0	300	300	
	155.6	210	58.02	0	300	300	
	156.9	210	58.5	0	300	300	
	158.2	210	60.04	0	300	300	
	159.7	210	61.9	0	300	300	
	161.9	210	64.4	0	300	300	
	162.1	210	64.14	0	300	300	

