5	3
26251	26252	26323	26325	26326	26382	26385	26386	26415	26417	26418	
16	3674	16	23	3674	16	23	3674	16	23	3674	
6	4
26321	26323	26324	26338	26340	26341	26359	26362	26363	26367	26375	26376	26422	26423	
16	23	3674	16	23	3674	16	23	3674	16	23	3674	16	3674	
4	3
26347	26349	26350	26381	26385	26386	26410	26414	26415	
16	23	3674	16	23	3674	16	23	3674	
5	2
26280	26281	26303	26304	26394	26396	26397	26427	26429	26430	
16	3674	16	3674	16	23	3674	16	23	3674	
4	3
26342	26345	26346	26380	26383	26384	26426	26428	26429	
16	23	3674	16	23	3674	16	23	3674	
6	4
26248	26249	26360	26363	26364	26375	26379	26380	26399	26403	26404	26416	26419	26420	
16	3674	16	23	3674	16	23	3674	16	23	3674	16	23	3674	
3	2
26338	26340	26341	26361	26365	26366	
16	23	3674	16	23	3674	
0	0


8	6
26303	26304	26351	26353	26354	26361	26367	26368	26378	26381	26382	26386	26397	26398	26399	26412	26413	26422	26426	26427	
16	3674	16	23	3674	16	23	3674	16	23	3674	16	23	3674	16	23	3674	16	23	3674	
5	2
26282	26283	26292	26293	26371	26374	26375	26415	26417	26418	
16	3674	16	3674	16	23	3674	16	23	3674	
0	0


4	2
26241	26242	26345	26347	26348	26420	26424	26425	
16	3674	16	23	3674	16	23	3674	
4	3
26340	26343	26344	26356	26358	26359	26386	26390	26391	
16	23	3674	16	23	3674	16	23	3674	
5	4
26358	26361	26362	26373	26377	26378	26386	26393	26394	26411	26414	26415	
16	23	3674	16	23	3674	16	23	3674	16	23	3674	


